cellnumber     x-coordinate     y-coordinate     y-coordinate     x-coordinate 
         1 -4.969195463E-03  1.304063713E-03  1.355609994E-03 -4.908683250E-03 
         2 -4.931918345E-03  1.192317228E-03  1.185938502E-03 -4.845740053E-03 
         3 -4.934836645E-03  1.090281061E-03  1.130713775E-03 -5.038551626E-03 
         4 -4.950303584E-03  9.704832919E-04  9.631392288E-04 -4.991729604E-03 
         5 -5.005980376E-03  8.288734243E-04  7.931783015E-04 -4.964977931E-03 
         6 -5.073142704E-03  7.349414518E-04  7.698955190E-04 -5.115080831E-03 
         7 -5.136345513E-03  6.553585408E-04  6.150339463E-04 -5.097984188E-03 
         8 -5.237522069E-03  5.649676896E-04  5.997411662E-04 -5.242738207E-03 
         9 -5.306249950E-03  5.123111187E-04  4.572464465E-04 -5.222150643E-03 
        10 -5.379464943E-03  4.496514448E-04  4.264681494E-04 -5.379978385E-03 
        11 -6.594134960E-03  1.997990068E-03  1.945437433E-03 -6.647916601E-03 
        12 -6.573874038E-03  1.997990068E-03  1.943884588E-03 -6.546492771E-03 
        13 -6.330676842E-03  1.984743867E-03  1.941039642E-03 -6.343202304E-03 
        14 -6.238906644E-03  1.959752524E-03  1.942084476E-03 -6.241432963E-03 
        15 -6.137968041E-03  1.946833916E-03  1.944167968E-03 -6.138718099E-03 
        16 -6.036576349E-03  1.935785054E-03  1.948080179E-03 -6.036384771E-03 
        17 -5.955410190E-03  1.915810397E-03  1.952643376E-03 -5.937578608E-03 
        18 -5.913016386E-03  1.901458600E-03  1.858889948E-03 -5.948303515E-03 
        19 -5.856508855E-03  1.890834072E-03  1.853985312E-03 -5.862772109E-03 
        20 -5.763753783E-03  1.871628803E-03  1.826236364E-03 -5.777403837E-03 
        21 -5.663826130E-03  1.844879123E-03  1.808539634E-03 -5.673749247E-03 
        22 -5.556832068E-03  1.816005213E-03  1.799469955E-03 -5.559921924E-03 
        23 -5.446390249E-03  1.768387738E-03  1.795993062E-03 -5.445236497E-03 
        24 -5.388897378E-03  1.732003409E-03  1.798247122E-03 -5.329769660E-03 
        25 -5.319800228E-03  1.670789323E-03  1.668135092E-03 -5.326683176E-03 
        26 -5.251795053E-03  1.610514126E-03  1.542027709E-03 -5.318448752E-03 
        27 -5.194214173E-03  1.561234822E-03  1.565502744E-03 -5.169327820E-03 
        28 -5.090251565E-03  1.453034347E-03  1.441190764E-03 -5.135017077E-03 
        29 -5.028002895E-03  1.368875965E-03  1.295824242E-03 -5.092100175E-03 
        30 -6.796819158E-03  4.488058948E-06  6.939597676E-05 -6.840962208E-03 
        31 -6.741038058E-03  3.148962787E-05  6.322564647E-05 -6.739235961E-03 
        32 -6.639716681E-03  5.532395517E-05  5.527185840E-05 -6.640630413E-03 
        33 -6.544783711E-03  5.732401769E-05  4.872757658E-05 -6.545017618E-03 
        34 -6.449442357E-03  5.571083238E-05  4.874166777E-05 -6.448031453E-03 
        35 -6.350242067E-03  5.234857599E-05  5.285901885E-05 -6.349655635E-03 
        36 -6.248930469E-03  5.149506615E-05  5.797063282E-05 -6.249329998E-03 
        37 -6.147067994E-03  5.833791511E-05  6.211032921E-05 -6.147200541E-03 
        38 -6.044951268E-03  8.746029198E-05  6.627403822E-05 -6.043387808E-03 
        39 -5.978942849E-03  1.226017339E-04  6.868406450E-05 -5.938978828E-03 
        40 -5.924641155E-03  1.516274642E-04  2.017288300E-04 -5.941438758E-03 
        41 -5.824805703E-03  1.922645170E-04  1.985639937E-04 -5.825569492E-03 
        42 -5.741210189E-03  2.315822931E-04  1.825888363E-04 -5.715459715E-03 
        43 -5.660040304E-03  2.831158345E-04  3.038818348E-04 -5.684171677E-03 
        44 -5.593368318E-03  3.234066826E-04  2.581640819E-04 -5.578051527E-03 
        45 -5.518329330E-03  3.572930291E-04  3.555822126E-04 -5.505147315E-03 
