cellnumber     x-coordinate     y-coordinate     y-coordinate     x-coordinate 
         1 -4.781529307E-03  1.666945522E-03  1.638889603E-03 -4.800222480E-03 
         2 -4.687478300E-03  1.611004001E-03  1.578178134E-03 -4.701847599E-03 
         3 -4.580175038E-03  1.520588296E-03  1.529913275E-03 -4.582446148E-03 
         4 -4.514842760E-03  1.451773453E-03  1.513963935E-03 -4.457896886E-03 
         5 -4.454931244E-03  1.361921662E-03  1.360951186E-03 -4.466117424E-03 
         6 -4.396688659E-03  1.257480821E-03  1.183730073E-03 -4.467946919E-03 
         7 -4.355120938E-03  1.162600471E-03  1.192225797E-03 -4.298919925E-03 
         8 -4.345252179E-03  1.029362786E-03  9.626902770E-04 -4.276328176E-03 
         9 -4.384007305E-03  8.947505848E-04  9.623946879E-04 -4.461215170E-03 
        10 -4.463099875E-03  7.480625645E-04  7.589081931E-04 -4.482366716E-03 
        11 -4.551042337E-03  6.387375179E-04  5.608407806E-04 -4.500182448E-03 
        12 -4.656480625E-03  5.518894177E-04  5.751065237E-04 -4.656015426E-03 
        13 -4.746972583E-03  4.946941044E-04  4.125673128E-04 -4.687068236E-03 
        14 -4.824568983E-03  4.518930218E-04  4.485512109E-04 -4.827757940E-03 
        15 -4.908761010E-03  4.029917181E-04  4.654644408E-04 -4.956779294E-03 
        16 -4.969280679E-03  3.610472486E-04  3.308147011E-04 -4.955415403E-03 
        17 -5.072186235E-03  3.038572613E-04  3.329794739E-04 -5.075513171E-03 
        18 -5.155126564E-03  2.681867627E-04  3.244500904E-04 -5.199479108E-03 
        19 -5.209004506E-03  2.354236931E-04  1.933696831E-04 -5.173974200E-03 
        20 -5.289727822E-03  1.951227314E-04  1.793242986E-04 -5.284524684E-03 
        21 -6.389262155E-03  1.998016611E-03  1.940514493E-03 -6.446167279E-03 
        22 -6.372862030E-03  1.998016378E-03  1.941039642E-03 -6.343202304E-03 
        23 -6.189933047E-03  1.999180298E-03  1.942084476E-03 -6.241432963E-03 
        24 -6.134436931E-03  1.979997149E-03  1.944167968E-03 -6.138718099E-03 
        25 -6.035099737E-03  1.954340376E-03  1.948080179E-03 -6.036384771E-03 
        26 -5.938811228E-03  1.944137504E-03  1.952643376E-03 -5.937578608E-03 
        27 -5.843487568E-03  1.941271592E-03  1.950483939E-03 -5.840505752E-03 
        28 -5.743721500E-03  1.941587194E-03  1.944291145E-03 -5.741907226E-03 
        29 -5.640604068E-03  1.941497670E-03  1.936661234E-03 -5.640823781E-03 
        30 -5.535941571E-03  1.938335365E-03  1.932288155E-03 -5.536746068E-03 
        31 -5.431805737E-03  1.926765777E-03  1.930799866E-03 -5.431590773E-03 
        32 -5.335567053E-03  1.891870983E-03  1.931409215E-03 -5.326042501E-03 
        33 -5.282514263E-03  1.862759120E-03  1.798247122E-03 -5.329769660E-03 
        34 -5.217201076E-03  1.844473532E-03  1.806866697E-03 -5.215519503E-03 
        35 -5.102478433E-03  1.809094916E-03  1.821575003E-03 -5.106552133E-03 
        36 -5.037153140E-03  1.784921973E-03  1.838856195E-03 -5.007557313E-03 
        37 -4.986559041E-03  1.767677953E-03  1.736516828E-03 -4.983996371E-03 
        38 -4.920379724E-03  1.737501356E-03  1.761993131E-03 -4.909665027E-03 
        39 -4.861002322E-03  1.705106115E-03  1.690932956E-03 -4.870516531E-03 
        40 -6.612357218E-03  2.079398473E-05  5.527185840E-05 -6.640630413E-03 
        41 -6.543972995E-03  4.039986743E-05  4.872757658E-05 -6.545017618E-03 
        42 -6.446430925E-03  3.476882921E-05  4.874166777E-05 -6.448031453E-03 
        43 -6.345518865E-03  2.615814810E-05  5.285901885E-05 -6.349655635E-03 
        44 -6.243457552E-03  1.935451473E-05  5.797063282E-05 -6.249329998E-03 
        45 -6.141597871E-03  1.702169175E-05  6.211032921E-05 -6.147200541E-03 
        46 -6.040099543E-03  2.062403291E-05  6.627403822E-05 -6.043387808E-03 
        47 -5.938141141E-03  3.312274930E-05  6.868406450E-05 -5.938978828E-03 
        48 -5.834461190E-03  5.094382141E-05  6.710090730E-05 -5.834726738E-03 
        49 -5.729975644E-03  7.162149996E-05  6.005380669E-05 -5.732217633E-03 
        50 -5.659447983E-03  9.465054609E-05  5.134376603E-05 -5.633311034E-03 
        51 -5.608386826E-03  1.153841586E-04  1.570969660E-04 -5.618598688E-03 
        52 -5.545051768E-03  1.460474741E-04  1.324680752E-04 -5.537501702E-03 
        53 -5.493664183E-03  1.717684645E-04  2.065928458E-04 -5.502838823E-03 
        54 -5.452931859E-03  1.711510704E-04  1.328127564E-04 -5.458590871E-03 
        55 -5.387306213E-03  1.710387296E-04  1.568761817E-04 -5.380775277E-03 
