cellnumber     x-coordinate     y-coordinate     y-coordinate     x-coordinate 
         1 -4.487743136E-03  1.981659094E-03  1.936762355E-03 -4.517952941E-03 
         2 -4.414799158E-03  1.957354834E-03  1.933136697E-03 -4.416522146E-03 
         3 -4.348346032E-03  1.975695835E-03  1.931426409E-03 -4.314333929E-03 
         4 -3.584267339E-03  1.986897783E-03  1.941697752E-03 -3.607061421E-03 
         5 -3.503345884E-03  1.977838343E-03  1.938766576E-03 -3.509147931E-03 
         6 -3.415636485E-03  1.990940655E-03  1.932905906E-03 -3.406640362E-03 
         7 -3.283022437E-03  1.990711549E-03  1.937228295E-03 -3.300266113E-03 
         8 -3.199763829E-03  1.969421748E-03  1.943163964E-03 -3.201366508E-03 
         9 -3.103048541E-03  1.954309875E-03  1.941788315E-03 -3.105180951E-03 
        10 -3.004107857E-03  1.948080608E-03  1.939727861E-03 -3.005310109E-03 
        11 -2.903763438E-03  1.943640877E-03  1.935561470E-03 -2.904892689E-03 
        12 -2.801320283E-03  1.940983580E-03  1.932500257E-03 -2.802616471E-03 
        13 -2.698856406E-03  1.938224188E-03  1.932111083E-03 -2.699786421E-03 
        14  7.023409707E-04  7.314515096E-05  7.352940488E-05  7.125782916E-04 
        15  6.963118794E-04  4.509092105E-05  2.376551705E-05  7.244123886E-04 
        16  6.643235683E-04  3.151025157E-05  2.274665324E-05  6.657491188E-04 
        17  6.023405585E-04  1.845201768E-05  2.138182500E-05  6.018984717E-04 
        18  6.341726403E-04  1.800555765E-04  1.589834018E-04  6.298936868E-04 
        19  6.156453164E-04  1.933717867E-04  1.972736704E-04  6.158441061E-04 
        20  5.918818060E-04  2.094169904E-04  1.972502765E-04  5.942934095E-04 
        21  5.795268808E-04  2.495107474E-04  2.495200019E-04  5.755313845E-04 
        22  5.850345478E-04  2.773683227E-04  2.371218948E-04  6.186498850E-04 
        23  5.846624263E-04  2.843462862E-04  2.905322350E-04  6.209350592E-04 
        24  5.780471256E-04  3.084930649E-04  3.077622525E-04  5.581903462E-04 
        25  5.846576532E-04  3.342276032E-04  3.549482646E-04  5.750792825E-04 
        26  6.164966617E-04  3.313628840E-04  3.496382691E-04  6.233797427E-04 
        27  6.418853300E-04  3.183527733E-04  2.905322350E-04  6.209350592E-04 
        28  6.676412886E-04  3.087784280E-04  2.893744474E-04  6.680827608E-04 
        29  7.161102840E-04  3.029467480E-04  3.032862177E-04  7.150600087E-04 
        30  7.683230797E-04  2.956504177E-04  2.992637368E-04  7.692566921E-04 
        31  8.251309628E-04  2.953372896E-04  2.862962627E-04  8.265738764E-04 
        32  8.573235245E-04  3.022243327E-04  2.749464758E-04  8.841219452E-04 
        33  8.572587976E-04  3.027139173E-04  3.342930803E-04  8.710314078E-04 
        34  8.461978869E-04  3.406395554E-04  3.421346326E-04  8.224861647E-04 
        35  8.184464532E-04  3.972662089E-04  3.943128693E-04  8.082469379E-04 
        36  7.866329397E-04  4.306049959E-04  4.395637281E-04  7.912099289E-04 
        37  7.642426644E-04  4.544703406E-04  4.389912674E-04  7.534740577E-04 
        38  7.434263243E-04  4.924904206E-04  4.933995936E-04  7.402546233E-04 
        39  7.200027467E-04  5.400193040E-04  5.465311757E-04  7.329796500E-04 
        40  6.920242449E-04  5.838951911E-04  5.608851357E-04  6.883630481E-04 
        41  6.735093775E-04  6.095103454E-04  5.697136367E-04  6.468117754E-04 
        42  6.599497865E-04  6.329977768E-04  6.281775836E-04  6.427421625E-04 
        43  6.428321940E-04  6.822157302E-04  6.822575325E-04  6.410872359E-04 
        44  6.569339894E-04  7.271626964E-04  7.289133347E-04  6.536619550E-04 
        45  6.846558535E-04  7.538679638E-04  7.762830920E-04  6.575655831E-04 
        46  5.343612866E-04  3.846662876E-04  3.617393311E-04  5.362010279E-04 
        47  5.350681022E-04  3.910827509E-04  4.215757674E-04  5.450723902E-04 
        48 -1.013572793E-03  1.469879790E-04  1.977556957E-04 -1.019009077E-03 
        49 -9.046463529E-04  1.406676311E-04  1.984103759E-04 -9.069970064E-04 
        50 -8.193762042E-04  1.331323583E-04  1.938604447E-04 -7.950795716E-04 
        51 -7.654953515E-04  1.248094195E-04  6.575810028E-05 -7.972552363E-04 
        52 -6.908840151E-04  1.091399972E-04  6.355081433E-05 -6.935649223E-04 
        53 -5.874260096E-04  9.032406524E-05  6.038485763E-05 -5.907983585E-04 
        54 -4.844765936E-04  7.590395398E-05  5.539476994E-05 -4.882335345E-04 
        55 -3.845359897E-04  6.514639972E-05  4.835427240E-05 -3.882786737E-04 
        56 -2.871500910E-04  5.645098281E-05  4.217445575E-05 -2.899144977E-04 
        57 -1.917945192E-04  4.895425081E-05  3.676977502E-05 -1.935137109E-04 
        58 -1.047679252E-04  4.220316987E-05  3.307254836E-05 -1.052198301E-04 
        59 -3.051745261E-05  4.319764412E-05  3.067821061E-05 -2.973995391E-05 
        60  2.815189873E-05  5.686879013E-05  3.393898202E-05  4.248468120E-05 
        61  6.797070819E-05  6.952180411E-05  8.707509544E-05  3.682231778E-05 
        62  2.673917043E-04  9.041218436E-05  8.822211316E-05  2.654353734E-04 
        63  3.199695784E-04  6.627214316E-05  8.110587978E-05  3.211743461E-04 
        64  3.471499367E-04  5.057101589E-05  2.775908311E-05  3.200411847E-04 
        65  3.774586949E-04  3.442195884E-05  2.357188179E-05  3.768744278E-04 
        66  4.318201100E-04  1.500636426E-05  1.961275604E-05  4.300925550E-04 
        67  4.855250008E-04  1.100936151E-05  1.937761130E-05  4.826194126E-04 
        68  5.420567468E-04  1.421554316E-05  1.926840855E-05  5.412139952E-04 
        69 -2.419565339E-03  6.530602695E-05  7.332680564E-05 -2.420594786E-03 
        70 -2.316000639E-03  6.726576976E-05  7.311501499E-05 -2.316820890E-03 
        71 -2.212753752E-03  6.981123443E-05  7.043852328E-05 -2.213196658E-03 
        72 -2.110540168E-03  7.353398541E-05  6.674919455E-05 -2.110809722E-03 
        73 -2.009110525E-03  8.034421626E-05  6.249115734E-05 -2.009269490E-03 
        74 -1.910430961E-03  9.069471707E-05  5.855735120E-05 -1.909155614E-03 
        75 -1.813004725E-03  1.031300562E-04  5.673498202E-05 -1.809930395E-03 
        76 -1.751306118E-03  1.103524773E-04  5.515330775E-05 -1.709579807E-03 
        77 -1.701923902E-03  1.115057603E-04  1.637208916E-04 -1.719440979E-03 
        78 -1.614469336E-03  1.133351107E-04  1.642989390E-04 -1.619670736E-03 
        79 -1.516321325E-03  1.190588591E-04  1.628884477E-04 -1.521335975E-03 
        80 -1.421533292E-03  1.314810652E-04  1.617335276E-04 -1.426165312E-03 
        81 -1.326073310E-03  1.450124546E-04  1.668645453E-04 -1.329549773E-03 
        82 -1.226246357E-03  1.512344752E-04  1.792718652E-04 -1.230890175E-03 
        83 -1.121576177E-03  1.505704859E-04  1.909506707E-04 -1.127491208E-03 
        84 -2.597101033E-03  1.935360488E-03  1.933004749E-03 -2.597631251E-03 
        85 -2.495284658E-03  1.932679792E-03  1.934575948E-03 -2.495273050E-03 
        86 -2.393375384E-03  1.930241589E-03  1.936099255E-03 -2.392953671E-03 
        87 -2.290219069E-03  1.929525170E-03  1.936053435E-03 -2.289587949E-03 
        88 -2.185824094E-03  1.930984668E-03  1.934468811E-03 -2.185353151E-03 
        89 -2.081514336E-03  1.932069543E-03  1.932282097E-03 -2.081243068E-03 
        90 -1.977544278E-03  1.931429026E-03  1.931099759E-03 -1.977459928E-03 
        91 -1.873798086E-03  1.928591519E-03  1.931720263E-03 -1.874312453E-03 
        92 -1.769104623E-03  1.921916963E-03  1.935050064E-03 -1.771475459E-03 
        93 -1.672282815E-03  1.904051169E-03  1.942464568E-03 -1.670585838E-03 
        94 -1.619763207E-03  1.890158048E-03  1.825174706E-03 -1.645199728E-03 
        95 -2.523145406E-03  6.390430644E-05  7.110491468E-05 -2.524064784E-03 
        96 -2.627009293E-03  6.360196130E-05  6.600393607E-05 -2.626677037E-03 
        97 -2.731071785E-03  6.624235539E-05  5.825507198E-05 -2.727486420E-03 
        98 -2.834575018E-03  7.669547631E-05  4.912679422E-05 -2.825656849E-03 
        99 -2.898106584E-03  8.602448361E-05  4.152960011E-05 -2.921255581E-03 
       100 -2.942531835E-03  8.613529644E-05  1.245868552E-04 -2.938612863E-03 
       101 -2.990688430E-03  8.377895574E-05  1.214414492E-04 -3.016459697E-03 
       102 -3.034196794E-03  7.530152652E-05  4.077177812E-05 -3.017093035E-03 
       103 -3.110802034E-03  6.049698641E-05  4.724476742E-05 -3.112842704E-03 
       104 -3.212112468E-03  3.622043369E-05  5.527762229E-05 -3.210920916E-03 
       105 -3.285628278E-03  9.764802599E-06  6.199954715E-05 -3.311930414E-03 
       106 -3.631087486E-03  6.712077720E-06  5.980250934E-05 -3.623612789E-03 
       107 -3.721261630E-03  9.813165889E-06  5.360691041E-05 -3.723738008E-03 
       108 -3.774761688E-03  3.101087941E-06  5.102335929E-05 -3.822366682E-03 
       109 -4.673489369E-03  9.971075997E-06  5.666467444E-05 -4.629023667E-03 
       110 -4.729684908E-03  3.552957060E-05  6.050692886E-05 -4.730923795E-03 
       111 -4.804627970E-03  2.555849278E-05  6.405840120E-05 -4.833593435E-03 
       112  9.801200358E-04  1.495611970E-03  1.493449805E-03  9.745681507E-04 
       113  9.710678714E-04  1.446384238E-03  1.440361230E-03  9.847191717E-04 
       114  1.013650792E-03  1.302119112E-03  1.323462136E-03  1.019944663E-03 
       115  1.031106221E-03  1.290680724E-03  1.268265307E-03  1.022445009E-03 
       116  1.048958628E-03  1.264236635E-03  1.271083210E-03  1.057467975E-03 
       117  1.054432825E-03  1.217813580E-03  1.217998075E-03  1.054496542E-03 
       118  1.039546565E-03  1.179662300E-03  1.171536470E-03  1.046408633E-03 
       119  7.455452578E-04  1.877167146E-03  1.869922935E-03  7.469520074E-04 
       120  7.806028007E-04  1.861929544E-03  1.871891671E-03  7.893351986E-04 
       121  8.077707025E-04  1.844688784E-03  1.833572987E-03  7.927785901E-04 
       122  8.444032283E-04  1.828568173E-03  1.826779189E-03  8.449609314E-04 
       123  8.960347041E-04  1.801213715E-03  1.803956762E-03  8.983934531E-04 
       124  9.248878341E-04  1.772086020E-03  1.770578184E-03  9.526611596E-04 
       125  9.235715843E-04  1.737533254E-03  1.735593166E-03  9.253498886E-04 
       126  9.041231242E-04  1.713339938E-03  1.701947246E-03  9.138691111E-04 
       127  8.963004220E-04  1.969458070E-03  1.969865344E-03  9.053965490E-04 
       128  9.296208154E-04  1.911281957E-03  1.906070019E-03  9.149439262E-04 
       129  9.617984178E-04  1.869978849E-03  1.891638275E-03  9.962546383E-04 
       130  9.867516346E-04  1.813826268E-03  1.820171026E-03  9.838060608E-04 
       131  1.039565657E-03  1.778999344E-03  1.761767092E-03  1.051098779E-03 
       132  1.111916965E-03  1.824229839E-03  1.809861486E-03  1.115217514E-03 
       133  1.142685534E-03  1.862650504E-03  1.890758872E-03  1.085454211E-03 
       134  1.144695445E-03  1.900536590E-03  1.904909458E-03  1.174848944E-03 
       135  1.133689657E-03  1.964170486E-03  1.969581686E-03  1.167806069E-03 
       136  1.119535649E-03  1.995382598E-03  1.967889592E-03  1.075421463E-03 
       137  8.989394992E-04  1.608423307E-03  1.609955679E-03  8.984794815E-04 
       138  9.220794891E-04  1.585558639E-03  1.597111230E-03  9.336756457E-04 
       139  9.380664560E-04  1.564607257E-03  1.554479229E-03  9.269980969E-04 
       140  9.607954416E-04  1.538654207E-03  1.547151731E-03  9.788248170E-04 
       141  7.103111129E-04  7.877454627E-04  7.824056080E-04  7.128637998E-04 
       142  7.281416911E-04  8.204497863E-04  8.350108100E-04  7.033587421E-04 
       143  7.336020935E-04  8.450266905E-04  8.386005921E-04  7.504530559E-04 
       144  7.443306968E-04  8.905832656E-04  8.914279475E-04  7.434923700E-04 
       145  7.663239958E-04  9.383276338E-04  9.405104472E-04  7.547865118E-04 
       146  7.854623836E-04  9.637472685E-04  9.762805455E-04  7.553779575E-04 
       147  7.958331844E-04  9.778066305E-04  9.761316263E-04  8.108803619E-04 
       148  9.213247686E-04  1.084162504E-03  1.091390956E-03  9.203198078E-04 
       149  9.593047434E-04  1.102849608E-03  1.088960274E-03  9.654633057E-04 
       150  9.915574919E-04  1.130234567E-03  1.133522838E-03  9.841753675E-04 
       151  1.020310796E-03  1.157635590E-03  1.173867840E-03  9.987014936E-04 
       152  6.075857091E-04  1.962909475E-03  1.971359202E-03  6.106761851E-04 
       153  5.394077161E-04  1.976781990E-03  1.972141317E-03  5.472809736E-04 
       154  4.875500745E-04  1.962918323E-03  1.974844604E-03  4.631898431E-04 
       155  4.428517132E-04  1.935539651E-03  1.926672699E-03  4.543770204E-04 
       156  4.071855219E-04  1.900646021E-03  1.912972231E-03  3.935666735E-04 
       157  3.874544927E-04  1.859979355E-03  1.859741076E-03  3.878779436E-04 
       158  3.559581819E-04  1.817890559E-03  1.815530276E-03  3.660791114E-04 
       159  3.292839101E-04  1.793735311E-03  1.778576375E-03  3.562106028E-04 
       160  2.932146599E-04  1.780013670E-03  1.775497366E-03  2.941201200E-04 
       161  2.415395284E-04  1.780930092E-03  1.779225650E-03  2.401065689E-04 
       162  1.821866463E-04  1.788642025E-03  1.780499494E-03  1.843295540E-04 
       163  1.249003544E-04  1.790571259E-03  1.772320070E-03  1.239196254E-04 
       164  9.673413297E-05  1.794050215E-03  1.817677128E-03  1.132435071E-04 
       165  5.804405009E-05  1.801225473E-03  1.805967332E-03  5.749661979E-05 
       166  8.450791938E-06  1.806412474E-03  1.781158464E-03  4.654104666E-06 
       167 -3.300141543E-05  1.813528477E-03  1.837239083E-03 -2.807587275E-05 
       168 -1.073501044E-04  1.817754237E-03  1.799108044E-03 -1.026290357E-04 
       169 -2.210681851E-04  1.803577761E-03  1.763005685E-03 -2.091987439E-04 
       170 -3.411463404E-04  1.780882012E-03  1.737121202E-03 -3.367557281E-04 
       171 -4.394177522E-04  1.765611698E-03  1.710177380E-03 -4.540709880E-04 
       172 -4.989482695E-04  1.763183391E-03  1.821449334E-03 -4.602820078E-04 
       173 -5.733583821E-04  1.771938405E-03  1.806583953E-03 -5.736423995E-04 
       174 -6.854203530E-04  1.786383335E-03  1.796639734E-03 -6.854871096E-04 
       175 -7.952756714E-04  1.798685407E-03  1.790760351E-03 -7.968246720E-04 
       176 -9.045926272E-04  1.811025431E-03  1.790070130E-03 -9.093602063E-04 
       177 -1.012701890E-03  1.825665124E-03  1.796283957E-03 -1.021157300E-03 
       178 -1.120206318E-03  1.839505509E-03  1.809803006E-03 -1.130717216E-03 
       179 -1.224349602E-03  1.852425630E-03  1.829368103E-03 -1.233805673E-03 
       180 -1.319229021E-03  1.862642588E-03  1.852236959E-03 -1.322700402E-03 
       181 -1.399095519E-03  1.856474439E-03  1.874523444E-03 -1.398003815E-03 
       182 -1.437931787E-03  1.846997649E-03  1.805742876E-03 -1.440477852E-03 
       183 -1.476506004E-03  1.862267847E-03  1.874830866E-03 -1.474881274E-03 
       184 -1.561327954E-03  1.883441466E-03  1.850798777E-03 -1.553051966E-03 
