cellnumber     x-coordinate     y-coordinate     y-coordinate     x-coordinate 
         1 -5.319048185E-03  1.106449985E-03  1.073524089E-03 -5.236292296E-03 
         2 -5.348745733E-03  1.001488767E-03  1.010962467E-03 -5.374618450E-03 
         3 -5.377874244E-03  8.801740478E-04  8.819804842E-04 -5.385312154E-03 
         4 -5.448721815E-03  7.433490828E-04  7.382926290E-04 -5.408594116E-03 
         5 -6.800119299E-03  1.993023325E-03  1.951895744E-03 -6.844616968E-03 
         6 -6.743703503E-03  1.981950132E-03  1.949864175E-03 -6.748831175E-03 
         7 -6.642256863E-03  1.982755028E-03  1.945437433E-03 -6.647916601E-03 
         8 -6.539971102E-03  1.986824907E-03  1.943884588E-03 -6.546492771E-03 
         9 -6.440244615E-03  1.975525636E-03  1.940514493E-03 -6.446167279E-03 
        10 -6.340947933E-03  1.957248896E-03  1.941039642E-03 -6.343202304E-03 
        11 -6.241128780E-03  1.941914321E-03  1.942084476E-03 -6.241432963E-03 
        12 -6.151841488E-03  1.912493375E-03  1.944167968E-03 -6.138718099E-03 
        13 -6.102176849E-03  1.886748592E-03  1.831148484E-03 -6.148697502E-03 
        14 -6.038779393E-03  1.859035227E-03  1.840988043E-03 -6.041242266E-03 
        15 -5.969997961E-03  1.822843216E-03  1.858889948E-03 -5.948303515E-03 
        16 -5.902610254E-03  1.794557786E-03  1.769609237E-03 -5.917776894E-03 
        17 -5.801451858E-03  1.759053324E-03  1.711827758E-03 -5.827078745E-03 
        18 -5.698933266E-03  1.699131913E-03  1.684758851E-03 -5.702584824E-03 
        19 -5.626976024E-03  1.634884742E-03  1.671269306E-03 -5.580662973E-03 
        20 -5.572169553E-03  1.566188294E-03  1.538188502E-03 -5.601316230E-03 
        21 -5.512458272E-03  1.494717086E-03  1.533810060E-03 -5.465691708E-03 
        22 -5.446182564E-03  1.398539869E-03  1.396870639E-03 -5.469922228E-03 
        23 -5.395880435E-03  1.304826001E-03  1.235956196E-03 -5.470876819E-03 
        24 -5.341211334E-03  1.219075639E-03  1.250021008E-03 -5.284741873E-03 
        25 -6.901794579E-03  1.096687720E-05  7.181474448E-05 -6.944535300E-03 
        26 -6.841951050E-03  3.893929170E-05  6.939597676E-05 -6.840962208E-03 
        27 -6.738807540E-03  5.708795288E-05  6.322564647E-05 -6.739235961E-03 
        28 -6.639420055E-03  6.031069643E-05  5.527185840E-05 -6.640630413E-03 
        29 -6.545572542E-03  6.804792065E-05  4.872757658E-05 -6.545017618E-03 
        30 -6.454990711E-03  8.758361946E-05  4.874166777E-05 -6.448031453E-03 
        31 -6.409067661E-03  1.015729358E-04  1.448007427E-04 -6.458353708E-03 
        32 -6.362155080E-03  1.181225307E-04  1.623601500E-04 -6.370947598E-03 
        33 -6.266009994E-03  1.518260251E-04  1.716427780E-04 -6.269541989E-03 
        34 -6.167115644E-03  1.897011098E-04  1.810521465E-04 -6.165155568E-03 
        35 -6.090436596E-03  2.319242194E-04  1.929737896E-04 -6.056549091E-03 
        36 -6.035424303E-03  2.681748883E-04  3.134858775E-04 -6.073964323E-03 
        37 -5.943476688E-03  3.240220249E-04  3.285145104E-04 -5.945833166E-03 
        38 -5.860605277E-03  3.787081805E-04  3.278412583E-04 -5.812848160E-03 
        39 -5.778090563E-03  4.345425114E-04  4.585224583E-04 -5.798018245E-03 
        40 -5.681299139E-03  4.900301574E-04  4.287034821E-04 -5.631771705E-03 
        41 -5.575058982E-03  5.842867540E-04  5.788387543E-04 -5.593354302E-03 
        42 -5.498578306E-03  6.696756463E-04  7.543714502E-04 -5.580032848E-03 
