cellnumber     x-coordinate     y-coordinate     y-coordinate     x-coordinate 
         1 -4.745205399E-03  1.973939827E-03  1.945594745E-03 -4.718454719E-03 
         2 -4.191141110E-03  1.990430290E-03  1.931636683E-03 -4.211520295E-03 
         3 -4.134596791E-03  1.990430290E-03  1.933075753E-03 -4.109019672E-03 
         4 -3.903730540E-03  1.977637876E-03  1.936141286E-03 -3.904823046E-03 
         5 -3.804244334E-03  1.950166421E-03  1.938266303E-03 -3.804586373E-03 
         6 -3.705208423E-03  1.942762872E-03  1.940709876E-03 -3.705521991E-03 
         7 -3.607345745E-03  1.939543639E-03  1.941697752E-03 -3.607061421E-03 
         8 -3.509743605E-03  1.939262380E-03  1.938766576E-03 -3.509147931E-03 
         9 -3.405997064E-03  1.937653404E-03  1.932905906E-03 -3.406640362E-03 
        10 -3.299461911E-03  1.932543586E-03  1.937228295E-03 -3.300266113E-03 
        11 -3.202843945E-03  1.927632140E-03  1.943163964E-03 -3.201366508E-03 
        12 -3.108372679E-03  1.924516051E-03  1.941788315E-03 -3.105180951E-03 
        13 -3.008706495E-03  1.925182063E-03  1.939727861E-03 -3.005310109E-03 
        14 -2.907032147E-03  1.927722129E-03  1.935561470E-03 -2.904892689E-03 
        15 -2.803632990E-03  1.927858568E-03  1.932500257E-03 -2.802616471E-03 
        16 -2.700802870E-03  1.925010583E-03  1.932111083E-03 -2.699786421E-03 
        17 -3.948767844E-04  1.543723163E-03  1.489304343E-03 -4.297481232E-04 
        18 -3.277459473E-04  1.512806979E-03  1.529519333E-03 -3.139886449E-04 
        19 -2.566940093E-04  1.466640155E-03  1.439036393E-03 -2.909839835E-04 
        20 -2.211049868E-04  1.436875085E-03  1.478433200E-03 -1.914848197E-04 
        21 -1.999673113E-04  1.398485736E-03  1.413017504E-03 -1.661428075E-04 
        22 -1.880648924E-04  1.365338569E-03  1.364176652E-03 -2.530347843E-04 
        23 -1.797010918E-04  1.320850104E-03  1.305978132E-03 -1.997448593E-04 
        24 -1.704603928E-04  1.256673248E-03  1.265184603E-03 -1.429159134E-04 
        25 -1.675008825E-04  1.185959321E-03  1.186665159E-03 -1.857204813E-04 
        26 -1.679253473E-04  1.120159286E-03  1.100675346E-03 -2.128583458E-04 
        27 -1.693006925E-04  1.082398463E-03  1.097128628E-03 -1.362578564E-04 
        28 -1.756327401E-04  1.046053949E-03  1.025000865E-03 -1.470584796E-04 
        29 -1.886458194E-04  1.006012782E-03  1.017233163E-03 -2.253046925E-04 
        30 -2.108187036E-04  9.387955652E-04  9.365305772E-04 -2.305944882E-04 
        31 -2.430417080E-04  8.750572451E-04  8.656651335E-04 -2.280834793E-04 
        32 -2.752511646E-04  8.263482596E-04  8.466512035E-04 -2.918104245E-04 
        33 -3.129210381E-04  7.683744770E-04  7.972962877E-04 -3.509932191E-04 
        34 -1.036413014E-03  4.403016355E-04  4.574421966E-04 -1.037019887E-03 
        35 -9.095531423E-04  4.658487742E-04  4.503369846E-04 -9.099846602E-04 
        36 -8.277109009E-04  4.928737180E-04  4.407301292E-04 -7.836932091E-04 
        37 -7.612798363E-04  5.188568030E-04  5.599454831E-04 -7.762837803E-04 
        38 -6.520132301E-04  5.481030094E-04  5.572273361E-04 -6.504857892E-04 
        39 -5.372702144E-04  5.873561604E-04  5.477493831E-04 -5.305446947E-04 
        40 -4.721036530E-04  6.176772295E-04  7.111312742E-04 -5.128033394E-04 
        41 -3.974669089E-04  6.805034354E-04  6.864709850E-04 -3.936247271E-04 
        42 -2.432155190E-03  1.575346978E-04  2.201922154E-04 -2.440115159E-03 
        43 -2.325371606E-03  1.811384864E-04  2.186625499E-04 -2.328098011E-03 
        44 -2.216289518E-03  2.013728808E-04  2.112852275E-04 -2.217161031E-03 
        45 -2.108024899E-03  2.300086780E-04  1.989077107E-04 -2.110429041E-03 
        46 -2.051998861E-03  2.519635891E-04  1.842663306E-04 -2.008411712E-03 
        47 -1.996589126E-03  2.671354741E-04  3.029544401E-04 -1.995195726E-03 
        48 -1.916739275E-03  2.950884518E-04  2.684268258E-04 -1.906429243E-03 
        49 -1.847567270E-03  3.159362823E-04  3.519095714E-04 -1.855315360E-03 
        50 -1.796902041E-03  3.188952687E-04  2.622619172E-04 -1.820633904E-03 
        51 -1.738105435E-03  3.198926861E-04  2.778545555E-04 -1.732064054E-03 
        52 -1.671375358E-03  3.342622367E-04  2.819302634E-04 -1.631474421E-03 
        53 -1.618810580E-03  3.537529265E-04  3.987650529E-04 -1.637128831E-03 
        54 -1.514593605E-03  3.746105649E-04  3.957838067E-04 -1.512344797E-03 
        55 -1.406569732E-03  3.866670013E-04  3.575266357E-04 -1.405965067E-03 
        56 -1.294913352E-03  3.962366027E-04  4.244326933E-04 -1.305797156E-03 
        57 -1.161713037E-03  4.178163654E-04  4.548834980E-04 -1.167276196E-03 
        58 -2.599392086E-03  1.918043359E-03  1.933004749E-03 -2.597631251E-03 
        59 -2.498675603E-03  1.903961878E-03  1.934575948E-03 -2.495273050E-03 
        60 -2.410426037E-03  1.883988618E-03  1.936099255E-03 -2.392953671E-03 
        61 -2.360289684E-03  1.872076420E-03  1.814425294E-03 -2.403696474E-03 
        62 -2.295166720E-03  1.866319566E-03  1.814740996E-03 -2.299235548E-03 
        63 -2.188856946E-03  1.855333103E-03  1.808920785E-03 -2.191616715E-03 
        64 -2.081535524E-03  1.839209930E-03  1.800316934E-03 -2.082469901E-03 
        65 -1.973206177E-03  1.820065547E-03  1.794137860E-03 -1.972503144E-03 
        66 -1.864267630E-03  1.801574836E-03  1.793465804E-03 -1.863882839E-03 
        67 -1.759855775E-03  1.768805203E-03  1.802582779E-03 -1.752611386E-03 
        68 -1.690712757E-03  1.740402775E-03  1.673647406E-03 -1.725666230E-03 
        69 -1.604074379E-03  1.721369219E-03  1.714492021E-03 -1.604933788E-03 
        70 -2.493912121E-03  1.442943467E-04  2.134558165E-04 -2.551091762E-03 
        71 -2.545394003E-03  1.320783340E-04  7.110491468E-05 -2.524064784E-03 
        72 -2.639660146E-03  1.168996168E-04  6.600393607E-05 -2.626677037E-03 
        73 -2.718851902E-03  1.139407686E-04  5.825507198E-05 -2.727486420E-03 
        74 -2.771128668E-03  1.133792539E-04  1.782028234E-04 -2.766268784E-03 
        75 -2.845389768E-03  1.098422726E-04  1.519967680E-04 -2.860687855E-03 
        76 -2.935662866E-03  1.085497133E-04  1.245868552E-04 -2.938612863E-03 
        77 -3.017507959E-03  1.045682220E-04  1.214414492E-04 -3.016459697E-03 
        78 -3.083724761E-03  9.800502448E-05  1.454524803E-04 -3.098442181E-03 
        79 -3.133016638E-03  8.682782936E-05  4.724476742E-05 -3.112842704E-03 
        80 -3.207823262E-03  7.119709335E-05  5.527762229E-05 -3.210920916E-03 
        81 -3.311182372E-03  6.224580284E-05  6.199954715E-05 -3.311930414E-03 
        82 -3.415757557E-03  5.928547034E-05  6.462525821E-05 -3.415662322E-03 
        83 -3.520249855E-03  5.778123887E-05  6.380833434E-05 -3.520089625E-03 
        84 -3.624234349E-03  5.727565804E-05  5.980250934E-05 -3.623612789E-03 
        85 -3.724733600E-03  5.820085062E-05  5.360691041E-05 -3.723738008E-03 
        86 -3.822672181E-03  5.741301356E-05  5.102335929E-05 -3.822366682E-03 
        87 -3.920747433E-03  5.341508950E-05  5.225894635E-05 -3.921222529E-03 
        88 -4.020648543E-03  4.106595588E-05  5.689246147E-05 -4.020525214E-03 
        89 -4.115778487E-03  1.559867087E-05  6.073745610E-05 -4.121556536E-03 
        90 -4.341380205E-03  1.860200882E-06  6.007520483E-05 -4.324261684E-03 
        91 -4.377505276E-03  1.860200882E-06  5.780932662E-05 -4.424947168E-03 
        92 -5.064775236E-03  1.065536617E-05  6.693967668E-05 -5.041680553E-03 
        93 -5.107493140E-03  1.065536617E-05  6.473279037E-05 -5.145436630E-03 
        94 -4.989201669E-03  1.979290508E-03  1.944484711E-03 -5.017463170E-03 
        95 -4.918094724E-03  1.957600471E-03  1.948290908E-03 -4.918495029E-03 
        96 -4.818946123E-03  1.952249906E-03  1.948353827E-03 -4.818912674E-03 
        97 -4.607253650E-04  1.569336979E-03  1.599267362E-03 -4.447095718E-04 
        98 -5.684598000E-04  1.599643962E-03  1.567929060E-03 -5.672376883E-04 
        99 -6.354147336E-04  1.612539520E-03  1.542117418E-03 -6.937938242E-04 
       100 -6.958078011E-04  1.634238637E-03  1.667847002E-03 -6.926314843E-04 
       101 -8.131427458E-04  1.659740112E-03  1.656712271E-03 -8.141139273E-04 
       102 -9.344785358E-04  1.667242264E-03  1.655000201E-03 -9.367739545E-04 
       103 -1.056952984E-03  1.676695887E-03  1.662749056E-03 -1.061101053E-03 
       104 -1.179874875E-03  1.690665144E-03  1.684159892E-03 -1.181330519E-03 
       105 -1.294620219E-03  1.692001824E-03  1.719080360E-03 -1.288943175E-03 
       106 -1.364445081E-03  1.686885022E-03  1.616039874E-03 -1.358988624E-03 
       107 -1.446997630E-03  1.694707782E-03  1.685995259E-03 -1.449680351E-03 
       108 -1.524983440E-03  1.704247086E-03  1.758387054E-03 -1.511812106E-03 
