cellnumber     x-coordinate     y-coordinate     y-coordinate     x-coordinate 
         1 -4.721198697E-03  1.917031477E-03  1.945594745E-03 -4.718454719E-03 
         2 -4.620990250E-03  1.919938368E-03  1.941195501E-03 -4.618455788E-03 
         3 -4.519812297E-03  1.922862139E-03  1.936762355E-03 -4.517952941E-03 
         4 -4.417702090E-03  1.923542120E-03  1.933136697E-03 -4.416522146E-03 
         5 -4.315149505E-03  1.918582013E-03  1.931426409E-03 -4.314333929E-03 
         6 -4.212517291E-03  1.898759278E-03  1.931636683E-03 -4.211520295E-03 
         7 -4.148716107E-03  1.874554669E-03  1.933075753E-03 -4.109019672E-03 
         8 -4.097224679E-03  1.853739959E-03  1.798024719E-03 -4.110175632E-03 
         9 -4.005670082E-03  1.828591339E-03  1.802305617E-03 -4.005445002E-03 
        10 -3.902604105E-03  1.806867309E-03  1.806644950E-03 -3.902767296E-03 
        11 -3.803515807E-03  1.779240789E-03  1.812545300E-03 -3.804174341E-03 
        12 -3.750751493E-03  1.757108257E-03  1.819800249E-03 -3.709773381E-03 
        13 -3.701782785E-03  1.741985441E-03  1.695610767E-03 -3.698603814E-03 
        14 -3.588448977E-03  1.722470741E-03  1.725771232E-03 -3.598763175E-03 
        15 -3.514062380E-03  1.713543665E-03  1.592142604E-03 -3.541097551E-03 
        16 -3.400356742E-03  1.671457314E-03  1.623717263E-03 -3.387622595E-03 
        17 -3.252471564E-03  1.613251050E-03  1.670684137E-03 -3.245474741E-03 
        18 -3.145913361E-03  1.537875156E-03  1.572965532E-03 -3.129599723E-03 
        19 -3.076162888E-03  1.477900776E-03  1.406012424E-03 -3.169853298E-03 
        20 -2.999456134E-03  1.401301124E-03  1.376051924E-03 -3.003820201E-03 
        21 -2.910154173E-03  1.306029386E-03  1.370707427E-03 -2.857701187E-03 
        22 -2.863132395E-03  1.195450546E-03  1.195263739E-03 -2.845490504E-03 
        23 -2.855070401E-03  1.004687860E-03  1.008050855E-03 -2.824021538E-03 
        24 -2.882245695E-03  8.958697435E-04  8.198539128E-04 -2.798924287E-03 
        25 -2.945754677E-03  7.920896169E-04  7.990465129E-04 -2.957033214E-03 
        26 -3.014691174E-03  6.812983193E-04  5.940152579E-04 -2.930817644E-03 
        27 -3.104847390E-03  6.116051809E-04  5.770121250E-04 -3.096991608E-03 
        28 -3.255167510E-03  5.285597290E-04  5.789139825E-04 -3.253004441E-03 
        29 -3.326306818E-03  4.996814532E-04  5.701673312E-04 -3.396885135E-03 
        30 -3.397639142E-03  4.606070288E-04  4.354468590E-04 -3.398886197E-03 
        31 -3.531708848E-03  4.010213015E-04  4.298166956E-04 -3.535901598E-03 
        32 -3.673119005E-03  3.614062152E-04  4.063746512E-04 -3.690066537E-03 
        33 -3.818463767E-03  3.252069291E-04  3.436101291E-04 -3.820011096E-03 
        34 -3.901518648E-03  3.011507797E-04  2.486685537E-04 -3.888261565E-03 
        35 -3.986078314E-03  2.683491621E-04  2.890524311E-04 -3.988128188E-03 
        36 -4.058976192E-03  2.407244901E-04  3.093989089E-04 -4.104616550E-03 
        37 -4.114534706E-03  2.162457677E-04  1.828761303E-04 -4.114592750E-03 
        38 -4.220375791E-03  1.838407043E-04  1.846604581E-04 -4.220260345E-03 
        39 -4.324572627E-03  1.654527878E-04  1.783337167E-04 -4.324251424E-03 
        40 -4.425361753E-03  1.452111901E-04  1.690666060E-04 -4.425174748E-03 
        41 -4.526781850E-03  1.247644686E-04  1.589686265E-04 -4.525828870E-03 
        42 -4.591963254E-03  1.132112375E-04  1.616752654E-04 -4.629131117E-03 
        43 -4.642833956E-03  9.781561675E-05  5.666467444E-05 -4.629023667E-03 
        44 -4.730843008E-03  7.650406769E-05  6.050692886E-05 -4.730923795E-03 
        45 -4.833200946E-03  6.529472012E-05  6.405840120E-05 -4.833593435E-03 
        46 -4.936325829E-03  5.942150165E-05  6.643712700E-05 -4.937359311E-03 
        47 -5.039697513E-03  5.491122283E-05  6.693967668E-05 -5.041680553E-03 
        48 -5.143024027E-03  5.163386959E-05  6.473279037E-05 -5.145436630E-03 
        49 -5.246041343E-03  4.953719326E-05  5.901185833E-05 -5.247603241E-03 
        50 -5.879709031E-03  1.999903237E-03  1.952643376E-03 -5.937578608E-03 
        51 -5.830812268E-03  1.993143931E-03  1.950483939E-03 -5.840505752E-03 
        52 -5.744419526E-03  1.993240789E-03  1.944291145E-03 -5.741907226E-03 
        53 -5.288577639E-03  1.988650300E-03  1.931409215E-03 -5.326042501E-03 
        54 -5.220684223E-03  1.961472677E-03  1.934327000E-03 -5.221331158E-03 
        55 -5.117695779E-03  1.943468349E-03  1.938990709E-03 -5.118253907E-03 
        56 -5.016569048E-03  1.936972491E-03  1.944484711E-03 -5.017463170E-03 
        57 -4.918600433E-03  1.927027130E-03  1.948290908E-03 -4.918495029E-03 
        58 -4.820756149E-03  1.918648719E-03  1.948353827E-03 -4.818912674E-03 
        59 -5.594476592E-03  7.254629509E-06  5.134376603E-05 -5.633311034E-03 
        60 -5.537259392E-03  2.860792483E-05  4.459777306E-05 -5.537449764E-03 
        61 -5.442402791E-03  4.418438039E-05  4.492314267E-05 -5.441885650E-03 
        62 -5.346078891E-03  4.717007323E-05  5.082560188E-05 -5.345947182E-03 
