cellnumber     x-coordinate     y-coordinate     y-coordinate     x-coordinate 
         1 -4.673350602E-03  1.993164420E-03  1.945594745E-03 -4.718454719E-03 
         2 -4.616400227E-03  1.971903723E-03  1.941195501E-03 -4.618455788E-03 
         3 -4.514963832E-03  1.974394312E-03  1.936762355E-03 -4.517952941E-03 
         4 -4.460358527E-03  1.995654777E-03  1.933136697E-03 -4.416522146E-03 
         5 -3.792016068E-03  1.983681461E-03  1.938266303E-03 -3.804586373E-03 
         6 -3.703724593E-03  1.970618265E-03  1.940709876E-03 -3.705521991E-03 
         7 -3.603290766E-03  1.977774780E-03  1.941697752E-03 -3.607061421E-03 
         8 -3.502875334E-03  1.981540350E-03  1.938766576E-03 -3.509147931E-03 
         9 -3.401297145E-03  1.972122584E-03  1.932905906E-03 -3.406640362E-03 
        10 -3.298668889E-03  1.954471460E-03  1.937228295E-03 -3.300266113E-03 
        11 -3.201200394E-03  1.944895834E-03  1.943163964E-03 -3.201366508E-03 
        12 -3.105436452E-03  1.940984628E-03  1.941788315E-03 -3.105180951E-03 
        13 -3.006401239E-03  1.936705317E-03  1.939727861E-03 -3.005310109E-03 
        14 -2.905475209E-03  1.935322420E-03  1.935561470E-03 -2.904892689E-03 
        15 -2.802295377E-03  1.935575623E-03  1.932500257E-03 -2.802616471E-03 
        16 -2.699287143E-03  1.935369568E-03  1.932111083E-03 -2.699786421E-03 
        17  3.431458317E-04  7.561873063E-04  7.545210465E-04  3.646647098E-04 
        18  3.323719138E-04  7.229027688E-04  7.337235786E-04  3.048880123E-04 
        19  3.013199021E-04  6.946611102E-04  6.897420585E-04  3.052172729E-04 
        20  2.686859516E-04  6.734058261E-04  6.898105087E-04  2.419986590E-04 
        21  2.450350148E-04  6.548633683E-04  6.495429494E-04  2.473789752E-04 
        22  2.125407918E-04  6.350236945E-04  6.418800939E-04  2.093977018E-04 
        23 -1.017730101E-03  1.860379562E-04  1.977556957E-04 -1.019009077E-03 
        24 -9.063403122E-04  1.880176424E-04  1.984103759E-04 -9.069970064E-04 
        25 -7.947573904E-04  1.889245614E-04  1.938604447E-04 -7.950795716E-04 
        26 -6.845675525E-04  1.899150666E-04  1.869981581E-04 -6.853314307E-04 
        27 -5.748457625E-04  1.930949365E-04  1.774708527E-04 -5.775250902E-04 
        28 -4.807267396E-04  2.043241548E-04  1.637269837E-04 -4.703043525E-04 
        29 -4.221818817E-04  2.138865966E-04  2.728516838E-04 -4.486552466E-04 
        30 -3.485161578E-04  2.233540872E-04  2.442518279E-04 -3.437996556E-04 
        31 -2.670501999E-04  2.440162207E-04  2.133881441E-04 -2.515834785E-04 
        32 -2.035977232E-04  2.692758280E-04  2.947202815E-04 -2.151840672E-04 
        33 -1.471618743E-04  2.882054832E-04  2.509626836E-04 -1.279824522E-04 
        34 -9.408117330E-05  3.165958042E-04  3.145753248E-04 -9.369188145E-05 
        35 -5.020629033E-05  3.471511591E-04  3.677372706E-04 -6.440145144E-05 
        36 -1.570910717E-05  3.614021698E-04  3.495667498E-04 -1.536303614E-05 
        37  3.472694152E-05  3.695452469E-04  3.558314487E-04  3.574688182E-05 
        38  8.146307664E-05  3.806329623E-04  3.629766644E-04  8.591809059E-05 
        39  1.045770987E-04  3.915922425E-04  4.100379200E-04  8.368121460E-05 
        40  1.232423529E-04  4.180925898E-04  4.191680358E-04  1.336099644E-04 
        41  1.373556588E-04  4.628063180E-04  4.610776940E-04  1.314117441E-04 
        42 -2.420074772E-03  6.890934310E-05  7.332680564E-05 -2.420594786E-03 
        43 -2.316432772E-03  7.179444947E-05  7.311501499E-05 -2.316820890E-03 
        44 -2.213105559E-03  7.601927064E-05  7.043852328E-05 -2.213196658E-03 
        45 -2.110884292E-03  8.335744496E-05  6.674919455E-05 -2.110809722E-03 
        46 -2.009602031E-03  1.005119921E-04  6.249115734E-05 -2.009269490E-03 
        47 -1.952809049E-03  1.162904373E-04  5.855735120E-05 -1.909155614E-03 
        48 -1.905343030E-03  1.266115578E-04  1.705042031E-04 -1.912329067E-03 
        49 -1.815828029E-03  1.412433485E-04  1.639647349E-04 -1.816655033E-03 
        50 -1.718890504E-03  1.545830164E-04  1.637208916E-04 -1.719440979E-03 
        51 -1.619769260E-03  1.634982327E-04  1.642989390E-04 -1.619670736E-03 
        52 -1.522018225E-03  1.718494314E-04  1.628884477E-04 -1.521335975E-03 
        53 -1.428613672E-03  1.811935508E-04  1.617335276E-04 -1.426165312E-03 
        54 -1.333311433E-03  1.826444350E-04  1.668645453E-04 -1.329549773E-03 
        55 -1.232145703E-03  1.801647450E-04  1.792718652E-04 -1.230890175E-03 
        56 -1.126672374E-03  1.825805666E-04  1.909506707E-04 -1.127491208E-03 
        57 -2.597229788E-03  1.934434171E-03  1.933004749E-03 -2.597631251E-03 
        58 -2.495282795E-03  1.932704356E-03  1.934575948E-03 -2.495273050E-03 
        59 -2.393428003E-03  1.929702819E-03  1.936099255E-03 -2.392953671E-03 
        60 -2.290398348E-03  1.926852739E-03  1.936053435E-03 -2.289587949E-03 
        61 -2.185977763E-03  1.925872988E-03  1.934468811E-03 -2.185353151E-03 
        62 -2.081433311E-03  1.925171935E-03  1.932282097E-03 -2.081243068E-03 
        63 -1.977097243E-03  1.922636409E-03  1.931099759E-03 -1.977459928E-03 
        64 -1.872679219E-03  1.915406203E-03  1.931720263E-03 -1.874312453E-03 
        65 -1.765538473E-03  1.893618493E-03  1.935050064E-03 -1.771475459E-03 
        66 -1.710281591E-03  1.876885304E-03  1.942464568E-03 -1.670585838E-03 
        67 -1.656170469E-03  1.869247993E-03  1.825174706E-03 -1.645199728E-03 
        68 -2.523701871E-03  6.686107372E-05  7.110491468E-05 -2.524064784E-03 
        69 -2.627672860E-03  6.636625767E-05  6.600393607E-05 -2.626677037E-03 
        70 -2.732232679E-03  7.033286238E-05  5.825507198E-05 -2.727486420E-03 
        71 -2.824560972E-03  8.409172733E-05  4.912679422E-05 -2.825656849E-03 
        72 -2.876878018E-03  9.477431740E-05  1.519967680E-04 -2.860687855E-03 
        73 -2.932545962E-03  9.536032303E-05  1.245868552E-04 -2.938612863E-03 
        74 -3.018073738E-03  9.260632942E-05  1.214414492E-04 -3.016459697E-03 
        75 -3.064480610E-03  8.949715993E-05  1.454524803E-04 -3.098442181E-03 
        76 -3.113354556E-03  7.764172187E-05  4.724476742E-05 -3.112842704E-03 
        77 -3.209106624E-03  6.065142225E-05  5.527762229E-05 -3.210920916E-03 
        78 -3.312359331E-03  4.895207894E-05  6.199954715E-05 -3.311930414E-03 
        79 -3.416510066E-03  3.063529948E-05  6.462525821E-05 -3.415662322E-03 
        80 -3.518998390E-03  1.309382424E-05  6.380833434E-05 -3.520089625E-03 
        81 -3.620894859E-03  1.382270057E-05  5.980250934E-05 -3.623612789E-03 
        82 -3.722092137E-03  2.394488365E-05  5.360691041E-05 -3.723738008E-03 
        83 -3.821911057E-03  2.909040631E-05  5.102335929E-05 -3.822366682E-03 
        84 -3.921748139E-03  2.113409028E-05  5.225894635E-05 -3.921222529E-03 
        85 -3.977283370E-03  5.956038876E-06  5.689246147E-05 -4.020525214E-03 
        86 -4.772093613E-03  1.559459997E-05  6.050692886E-05 -4.730923795E-03 
        87 -4.831818398E-03  4.013381113E-05  6.405840120E-05 -4.833593435E-03 
        88 -4.910143092E-03  2.453921115E-05  6.643712700E-05 -4.937359311E-03 
        89  5.768571282E-04  1.739852829E-03  1.746197998E-03  5.670718749E-04 
        90  5.032493500E-04  9.747236618E-04  9.622073214E-04  5.140894012E-04 
        91  5.253470736E-04  1.013691653E-03  1.013303882E-03  5.185424136E-04 
        92  5.403212272E-04  1.060379669E-03  1.064893485E-03  5.238951435E-04 
        93  5.495261867E-04  1.090228674E-03  1.069533902E-03  5.733797247E-04 
        94  5.519030383E-04  1.102922251E-03  1.116508273E-03  5.833932977E-04 
        95  4.194160283E-04  1.264109858E-03  1.283214832E-03  4.396838016E-04 
        96  4.071480071E-04  1.280980068E-03  1.255710194E-03  3.958225032E-04 
        97  3.746942966E-04  1.291703549E-03  1.303948678E-03  3.689054341E-04 
        98  3.301186662E-04  1.291290275E-03  1.284188956E-03  3.352415399E-04 
        99  6.071098032E-04  1.542300102E-03  1.554933798E-03  6.357333034E-04 
       100  6.248358986E-04  1.505587250E-03  1.504507307E-03  6.276089639E-04 
       101  6.377680111E-04  1.447146293E-03  1.446320462E-03  6.255896291E-04 
       102  6.257655332E-04  1.391271595E-03  1.391011401E-03  6.198486107E-04 
       103  5.976951797E-04  1.346005010E-03  1.334969001E-03  6.096577058E-04 
       104  5.698369932E-04  1.320737181E-03  1.344197839E-03  5.524443577E-04 
       105  5.421150709E-04  1.304857782E-03  1.280962618E-03  5.501132105E-04 
       106  4.963362007E-04  1.297862036E-03  1.292320640E-03  4.979685712E-04 
       107  4.365884524E-04  1.294886461E-03  1.283214832E-03  4.396838016E-04 
       108  4.036288592E-04  1.292650355E-03  1.324304790E-03  4.220971593E-04 
       109  3.809671616E-04  1.311747939E-03  1.303948678E-03  3.689054341E-04 
       110  3.376665700E-04  1.340375864E-03  1.347006857E-03  3.414620734E-04 
       111  2.995064133E-04  1.354723936E-03  1.375117985E-03  3.122970095E-04 
       112  2.889971074E-04  1.346608624E-03  1.341176820E-03  2.691841311E-04 
       113  2.940757840E-04  1.318942523E-03  1.318461685E-03  3.000120517E-04 
       114  6.483978359E-04  1.971063903E-03  1.971384957E-03  6.606343684E-04 
       115  4.638343235E-04  1.975041348E-03  1.974844604E-03  4.631898431E-04 
       116  4.221291165E-04  1.940116985E-03  1.926672699E-03  4.543770204E-04 
       117  4.033027217E-04  1.907544676E-03  1.912972231E-03  3.935666735E-04 
       118  3.837762633E-04  1.859955955E-03  1.859741076E-03  3.878779436E-04 
       119  3.545420477E-04  1.817990560E-03  1.815530276E-03  3.660791114E-04 
       120  3.286439751E-04  1.795032644E-03  1.778576375E-03  3.562106028E-04 
       121  2.931563358E-04  1.783301937E-03  1.775497366E-03  2.941201200E-04 
       122  2.417373034E-04  1.784458291E-03  1.779225650E-03  2.401065689E-04 
       123  1.834229188E-04  1.796043012E-03  1.780499494E-03  1.843295540E-04 
       124  1.470756979E-04  1.801488223E-03  1.827176184E-03  1.726120209E-04 
       125  1.146697468E-04  1.810169197E-03  1.817677128E-03  1.132435071E-04 
       126  5.494911602E-05  1.820147969E-03  1.805967332E-03  5.749661979E-05 
       127  2.049265640E-05  1.824263250E-03  1.856895194E-03  3.873604122E-05 
       128 -2.640091225E-05  1.833538758E-03  1.837239083E-03 -2.807587275E-05 
       129 -1.117703141E-04  1.837100019E-03  1.799108044E-03 -1.026290357E-04 
       130 -1.603492710E-04  1.834607334E-03  1.883818147E-03 -1.349995385E-04 
       131 -2.263951610E-04  1.822622726E-03  1.860738437E-03 -2.355958718E-04 
       132 -3.200962383E-04  1.798938494E-03  1.840478751E-03 -3.480552224E-04 
       133 -3.754383652E-04  1.782400417E-03  1.737121202E-03 -3.367557281E-04 
       134 -4.570801684E-04  1.764546614E-03  1.710177380E-03 -4.540709880E-04 
       135 -5.744302180E-04  1.744894544E-03  1.685899961E-03 -5.732873532E-04 
       136 -6.395411910E-04  1.736730686E-03  1.667847002E-03 -6.926314843E-04 
       137 -6.965637440E-04  1.738200546E-03  1.796639734E-03 -6.854871096E-04 
       138 -8.031176403E-04  1.745964750E-03  1.790760351E-03 -7.968246720E-04 
       139 -9.158013272E-04  1.760213752E-03  1.790070130E-03 -9.093602063E-04 
       140 -1.026867772E-03  1.777924015E-03  1.796283957E-03 -1.021157300E-03 
       141 -1.135702711E-03  1.797911827E-03  1.809803006E-03 -1.130717216E-03 
       142 -1.242137514E-03  1.812862814E-03  1.829368103E-03 -1.233805673E-03 
       143 -1.321695046E-03  1.809422160E-03  1.852236959E-03 -1.322700402E-03 
       144 -1.371618011E-03  1.802904066E-03  1.761173789E-03 -1.376093108E-03 
       145 -1.444257679E-03  1.811372000E-03  1.805742876E-03 -1.440477852E-03 
       146 -1.495556440E-03  1.819569385E-03  1.874830866E-03 -1.474881274E-03 
       147 -1.549775014E-03  1.841236604E-03  1.850798777E-03 -1.553051966E-03 
