cellnumber     x-coordinate     y-coordinate     y-coordinate     x-coordinate 
         1 -6.895748898E-03  1.995768631E-03  1.949177057E-03 -6.940937222E-03 
         2 -6.843734067E-03  1.980087254E-03  1.951895744E-03 -6.844616968E-03 
         3 -6.745749619E-03  1.969407778E-03  1.949864175E-03 -6.748831175E-03 
         4 -6.643795874E-03  1.973395934E-03  1.945437433E-03 -6.647916601E-03 
         5 -6.542260759E-03  1.973204548E-03  1.943884588E-03 -6.546492771E-03 
         6 -6.442641374E-03  1.961298753E-03  1.940514493E-03 -6.446167279E-03 
         7 -6.342908368E-03  1.942460658E-03  1.941039642E-03 -6.343202304E-03 
         8 -6.258580368E-03  1.908746548E-03  1.942084476E-03 -6.241432963E-03 
         9 -6.210677326E-03  1.879887190E-03  1.827883162E-03 -6.254296224E-03 
        10 -6.146206055E-03  1.852721325E-03  1.831148484E-03 -6.148697502E-03 
        11 -6.064220332E-03  1.809967100E-03  1.840988043E-03 -6.041242266E-03 
        12 -5.993575323E-03  1.764730550E-03  1.729865500E-03 -6.024573084E-03 
        13 -5.925662350E-03  1.731465687E-03  1.769609237E-03 -5.917776894E-03 
        14 -5.867552944E-03  1.690685865E-03  1.711827758E-03 -5.827078745E-03 
        15 -5.811148323E-03  1.635917346E-03  1.578987384E-03 -5.872446552E-03 
        16 -5.738479551E-03  1.542015933E-03  1.550953584E-03 -5.732509647E-03 
        17 -5.685830023E-03  1.461397740E-03  1.401567245E-03 -5.756030777E-03 
        18 -5.638635252E-03  1.388438861E-03  1.396155016E-03 -5.617352103E-03 
        19 -5.581197795E-03  1.265735948E-03  1.248750180E-03 -5.630415423E-03 
        20 -5.549822468E-03  1.182339038E-03  1.235956196E-03 -5.470876819E-03 
        21 -5.535664968E-03  1.067224774E-03  1.064483104E-03 -5.499022833E-03 
        22 -5.548863206E-03  9.058893193E-04  9.029525121E-04 -5.549244855E-03 
        23 -6.924764253E-03  2.354769276E-05  7.181474448E-05 -6.944535300E-03 
        24 -6.841435097E-03  5.165698531E-05  6.939597676E-05 -6.840962208E-03 
        25 -6.738578901E-03  5.947965838E-05  6.322564647E-05 -6.739235961E-03 
        26 -6.638544612E-03  8.280532347E-05  5.527185840E-05 -6.640630413E-03 
        27 -6.588535849E-03  1.036682443E-04  4.872757658E-05 -6.545017618E-03 
        28 -6.545446813E-03  1.220366757E-04  1.430828731E-04 -6.543170477E-03 
        29 -6.461467128E-03  1.477943733E-04  1.448007427E-04 -6.458353708E-03 
        30 -6.381414365E-03  1.888038823E-04  1.623601500E-04 -6.370947598E-03 
        31 -6.337736268E-03  2.248040400E-04  2.644835783E-04 -6.394185377E-03 
        32 -6.283187307E-03  2.478306124E-04  2.688826102E-04 -6.283450163E-03 
        33 -6.186335813E-03  2.897052327E-04  2.900316013E-04 -6.184285768E-03 
        34 -6.099212449E-03  3.441054723E-04  3.134858775E-04 -6.073964323E-03 
        35 -6.041035522E-03  3.898688301E-04  4.407775712E-04 -6.101857444E-03 
        36 -5.949185695E-03  4.529575817E-04  4.604597269E-04 -5.953873482E-03 
        37 -5.857947748E-03  5.151648656E-04  4.585224583E-04 -5.798018245E-03 
        38 -5.762202665E-03  6.014290848E-04  6.006745647E-04 -5.781646701E-03 
        39 -5.681628361E-03  6.796279340E-04  7.593298546E-04 -5.769750461E-03 
        40 -5.619806238E-03  7.599468809E-04  7.543714502E-04 -5.580032848E-03 
