cellnumber     x-coordinate     y-coordinate     y-coordinate     x-coordinate 
         1 -4.721564241E-03  1.911865082E-03  1.945594745E-03 -4.718454719E-03 
         2 -4.621153232E-03  1.918041380E-03  1.941195501E-03 -4.618455788E-03 
         3 -4.519882612E-03  1.922117895E-03  1.936762355E-03 -4.517952941E-03 
         4 -4.417933058E-03  1.920612180E-03  1.933136697E-03 -4.416522146E-03 
         5 -4.315760452E-03  1.907999627E-03  1.931426409E-03 -4.314333929E-03 
         6 -4.235418513E-03  1.880995464E-03  1.931636683E-03 -4.211520295E-03 
         7 -4.184010439E-03  1.857731375E-03  1.794125837E-03 -4.216180712E-03 
         8 -4.109903704E-03  1.836860902E-03  1.798024719E-03 -4.110175632E-03 
         9 -4.005374853E-03  1.812607399E-03  1.802305617E-03 -4.005445002E-03 
        10 -3.902237630E-03  1.792627270E-03  1.806644950E-03 -3.902767296E-03 
        11 -3.821270075E-03  1.766131143E-03  1.812545300E-03 -3.804174341E-03 
        12 -3.771870630E-03  1.744618523E-03  1.681510245E-03 -3.794299263E-03 
        13 -3.702308750E-03  1.725779264E-03  1.695610767E-03 -3.698603814E-03 
        14 -3.599913092E-03  1.705892850E-03  1.725771232E-03 -3.598763175E-03 
        15 -3.524067346E-03  1.693062251E-03  1.592142604E-03 -3.541097551E-03 
        16 -3.378513502E-03  1.621650183E-03  1.623717263E-03 -3.387622595E-03 
        17 -3.252652474E-03  1.555260038E-03  1.670684137E-03 -3.245474741E-03 
        18 -3.244372318E-03  1.548561733E-03  1.572965532E-03 -3.129599723E-03 
        19 -3.159265500E-03  1.475343364E-03  1.406012424E-03 -3.169853298E-03 
        20 -3.033211920E-03  1.346629346E-03  1.376051924E-03 -3.003820201E-03 
        21 -2.964846091E-03  1.191084157E-03  1.189873038E-03 -3.000709279E-03 
        22 -2.956150100E-03  9.953228291E-04  9.935973643E-04 -2.982245625E-03 
        23 -3.004506230E-03  8.361922228E-04  7.990465129E-04 -2.957033214E-03 
        24 -3.080738476E-03  7.300918223E-04  7.803288814E-04 -3.119346320E-03 
        25 -3.154102014E-03  6.530616083E-04  5.770121250E-04 -3.096991608E-03 
        26 -3.255119780E-03  5.848591099E-04  5.789139825E-04 -3.253004441E-03 
        27 -3.372574225E-03  5.223540938E-04  5.701673312E-04 -3.396885135E-03 
        28 -3.443893744E-03  4.819858004E-04  4.354468590E-04 -3.398886197E-03 
        29 -3.534305841E-03  4.360794264E-04  4.298166956E-04 -3.535901598E-03 
        30 -3.680816386E-03  3.840504796E-04  4.063746512E-04 -3.690066537E-03 
        31 -3.830323229E-03  3.449952928E-04  3.436101291E-04 -3.820011096E-03 
        32 -3.906236729E-03  3.262298123E-04  4.113336370E-04 -3.939257317E-03 
        33 -3.983005416E-03  2.927165770E-04  2.890524311E-04 -3.988128188E-03 
        34 -4.082388710E-03  2.527108591E-04  3.093989089E-04 -4.104616550E-03 
        35 -4.138841294E-03  2.285123192E-04  1.828761303E-04 -4.114592750E-03 
        36 -4.219948780E-03  2.006878349E-04  1.846604581E-04 -4.220260345E-03 
        37 -4.324774724E-03  1.794729033E-04  1.783337167E-04 -4.324251424E-03 
        38 -4.425788764E-03  1.609651372E-04  1.690666060E-04 -4.425174748E-03 
        39 -4.526895471E-03  1.397838059E-04  1.589686265E-04 -4.525828870E-03 
        40 -4.613194149E-03  1.215337179E-04  1.616752654E-04 -4.629131117E-03 
        41 -4.664335866E-03  1.053035012E-04  5.666467444E-05 -4.629023667E-03 
        42 -4.731074441E-03  8.447794971E-05  6.050692886E-05 -4.730923795E-03 
        43 -4.833418876E-03  6.883730384E-05  6.405840120E-05 -4.833593435E-03 
        44 -4.936628975E-03  6.223915989E-05  6.643712700E-05 -4.937359311E-03 
        45 -5.040095653E-03  5.733898433E-05  6.693967668E-05 -5.041680553E-03 
        46 -5.143484101E-03  5.370373401E-05  6.473279037E-05 -5.145436630E-03 
        47 -5.246559158E-03  5.139124187E-05  5.901185833E-05 -5.247603241E-03 
        48 -5.891197827E-03  1.992414938E-03  1.952643376E-03 -5.937578608E-03 
        49 -5.833073054E-03  1.983491704E-03  1.950483939E-03 -5.840505752E-03 
        50 -5.739785731E-03  1.991076628E-03  1.944291145E-03 -5.741907226E-03 
        51 -5.305237137E-03  1.980647678E-03  1.931409215E-03 -5.326042501E-03 
        52 -5.220775492E-03  1.952779363E-03  1.934327000E-03 -5.221331158E-03 
        53 -5.117612891E-03  1.941621071E-03  1.938990709E-03 -5.118253907E-03 
        54 -5.016463343E-03  1.933699590E-03  1.944484711E-03 -5.017463170E-03 
        55 -4.918710794E-03  1.921404502E-03  1.948290908E-03 -4.918495029E-03 
        56 -4.821138922E-03  1.911606756E-03  1.948353827E-03 -4.818912674E-03 
        57 -5.604992621E-03  1.457548115E-05  5.134376603E-05 -5.633311034E-03 
        58 -5.537267309E-03  3.776493031E-05  4.459777306E-05 -5.537449764E-03 
        59 -5.443055648E-03  4.763442485E-05  4.492314267E-05 -5.441885650E-03 
        60 -5.346760619E-03  4.970544978E-05  5.082560188E-05 -5.345947182E-03 
