cellnumber     x-coordinate     y-coordinate     y-coordinate     x-coordinate 
         1 -7.403947413E-03  1.981790410E-03  1.948063274E-03 -7.447367538E-03 
         2 -7.374676876E-03  1.928161248E-03  1.945995133E-03 -7.344250969E-03 
         3 -7.337029092E-03  1.838263823E-03  1.838451765E-03 -7.338165424E-03 
         4 -7.318034768E-03  1.730705611E-03  1.732007412E-03 -7.333390427E-03 
         5 -7.310721558E-03  1.623672782E-03  1.625765734E-03 -7.328573364E-03 
         6 -7.301669568E-03  1.513690688E-03  1.517020019E-03 -7.323802969E-03 
         7 -7.293556351E-03  1.405273215E-03  1.410569430E-03 -7.322185711E-03 
         8 -7.288242225E-03  1.296246191E-03  1.304780164E-03 -7.323568444E-03 
         9 -7.432009559E-03  5.033928755E-05  4.873244441E-05 -7.453501035E-03 
        10 -7.427080534E-03  1.405771909E-04  1.447124654E-04 -7.460400052E-03 
        11 -7.422503550E-03  2.260163601E-04  2.378167454E-04 -7.457545982E-03 
        12 -7.410224061E-03  3.155320883E-04  3.325139565E-04 -7.450173368E-03 
        13 -7.394275628E-03  4.136837961E-04  4.301994831E-04 -7.437750154E-03 
        14 -7.383707911E-03  5.228435621E-04  5.342428081E-04 -7.431881923E-03 
        15 -7.374412380E-03  6.225376274E-04  6.394440437E-04 -7.432367423E-03 
        16 -7.362409495E-03  6.753386697E-04  6.235710349E-04 -7.303983568E-03 
        17 -7.330453489E-03  7.359209121E-04  7.341994765E-04 -7.309708117E-03 
        18 -7.296424359E-03  8.411313756E-04  8.413554460E-04 -7.317551267E-03 
        19 -7.290830370E-03  9.510099189E-04  9.476331466E-04 -7.330841351E-03 
        20 -7.292990107E-03  1.013210625E-03  1.038577760E-03 -7.352181826E-03 
        21 -7.293241099E-03  1.069419086E-03  1.073226030E-03 -7.263633926E-03 
        22 -7.292339578E-03  1.130259363E-03  1.121008628E-03 -7.351515125E-03 
        23 -7.288795896E-03  1.189769479E-03  1.204320244E-03 -7.332626291E-03 
