cellnumber     x-coordinate     y-coordinate     y-coordinate     x-coordinate 
         1 -4.719237797E-03  1.943595358E-03  1.945594745E-03 -4.718454719E-03 
         2 -4.618949722E-03  1.942716190E-03  1.941195501E-03 -4.618455788E-03 
         3 -4.518080037E-03  1.941132825E-03  1.936762355E-03 -4.517952941E-03 
         4 -4.416408017E-03  1.938766101E-03  1.933136697E-03 -4.416522146E-03 
         5 -4.314119462E-03  1.935048960E-03  1.931426409E-03 -4.314333929E-03 
         6 -4.211448133E-03  1.929853112E-03  1.931636683E-03 -4.211520295E-03 
         7 -4.108970985E-03  1.923388569E-03  1.933075753E-03 -4.109019672E-03 
         8 -4.006374627E-03  1.916941954E-03  1.934369578E-03 -4.006508197E-03 
         9 -3.904493060E-03  1.911406172E-03  1.936141286E-03 -3.904823046E-03 
        10 -3.804729786E-03  1.903864904E-03  1.938266303E-03 -3.804586373E-03 
        11 -3.732726444E-03  1.889550709E-03  1.940709876E-03 -3.705521991E-03 
        12 -3.685552627E-03  1.875987393E-03  1.819800249E-03 -3.709773381E-03 
        13 -3.617199603E-03  1.858710893E-03  1.829745585E-03 -3.621283022E-03 
        14 -3.529441776E-03  1.835236442E-03  1.813614371E-03 -3.530884481E-03 
        15 -3.416218795E-03  1.812469913E-03  1.792836158E-03 -3.420808489E-03 
        16 -3.293731250E-03  1.780068036E-03  1.809831896E-03 -3.294728159E-03 
        17 -3.233411117E-03  1.758708037E-03  1.670684137E-03 -3.245474741E-03 
        18 -3.169386880E-03  1.745623886E-03  1.745000869E-03 -3.159499416E-03 
        19 -3.058902221E-03  1.727367402E-03  1.694111787E-03 -3.068241942E-03 
        20 -2.951185685E-03  1.710509649E-03  1.669783041E-03 -2.958189324E-03 
        21 -2.841552952E-03  1.686110860E-03  1.661886550E-03 -2.845140649E-03 
        22 -2.729900181E-03  1.648031990E-03  1.664952175E-03 -2.730799394E-03 
        23 -2.499960596E-03  5.656806752E-04  5.208705710E-04 -2.465112595E-03 
        24 -2.431047149E-03  6.173278671E-04  6.794167411E-04 -2.474149831E-03 
        25 -2.327908063E-03  6.963231717E-04  6.759204569E-04 -2.316927037E-03 
        26 -2.235907596E-03  7.832043921E-04  8.405783047E-04 -2.302220303E-03 
        27 -2.175166970E-03  8.573522209E-04  8.165294169E-04 -2.129099214E-03 
        28 -2.119717188E-03  9.978467133E-04  9.924795109E-04 -2.090853370E-03 
        29 -2.118128818E-03  1.139813568E-03  1.176445472E-03 -2.042660916E-03 
        30 -2.178251278E-03  1.265582046E-03  1.233946115E-03 -2.227947210E-03 
        31 -2.234162763E-03  1.362735289E-03  1.395516086E-03 -2.150585840E-03 
        32 -2.302500885E-03  1.414446859E-03  1.463027871E-03 -2.277701088E-03 
        33 -2.366772154E-03  1.455037738E-03  1.341192381E-03 -2.375313755E-03 
        34 -2.427726286E-03  1.495347824E-03  1.469091138E-03 -2.461020321E-03 
        35 -2.514888998E-03  1.550987246E-03  1.584168357E-03 -2.497886736E-03 
        36 -2.602061955E-03  1.592228888E-03  1.553793688E-03 -2.608636345E-03 
        37 -2.664745785E-03  1.618445036E-03  1.676729652E-03 -2.616739931E-03 
        38 -2.599270083E-03  5.078918184E-04  5.074871238E-04 -2.599694916E-03 
        39 -2.727256389E-03  4.560888337E-04  4.782286162E-04 -2.733037280E-03 
        40 -2.869321499E-03  4.086011904E-04  4.277590856E-04 -2.880125428E-03 
        41 -3.001482459E-03  3.773508070E-04  3.451552469E-04 -2.994928149E-03 
        42 -3.104051342E-03  3.570480330E-04  4.111683702E-04 -3.119425997E-03 
        43 -3.185820300E-03  3.309665772E-04  2.861603377E-04 -3.164992166E-03 
        44 -3.280684119E-03  3.053293331E-04  3.063139266E-04 -3.281050739E-03 
        45 -3.403733252E-03  2.783443779E-04  3.112536742E-04 -3.402629953E-03 
        46 -3.495927667E-03  2.556367253E-04  3.052548116E-04 -3.526687042E-03 
        47 -3.554477124E-03  2.326320537E-04  1.873953780E-04 -3.522972421E-03 
        48 -3.640071722E-03  2.077126264E-04  1.761512910E-04 -3.635300930E-03 
        49 -3.723826027E-03  2.002257970E-04  1.566616228E-04 -3.735074276E-03 
        50 -3.770585870E-03  2.006606228E-04  2.515954518E-04 -3.762196423E-03 
        51 -3.810968716E-03  1.937250054E-04  2.146981444E-04 -3.825930448E-03 
        52 -3.847765736E-03  1.829513931E-04  1.445315329E-04 -3.824581034E-03 
        53 -3.913183231E-03  1.580991811E-04  1.532715145E-04 -3.914510709E-03 
        54 -4.013523925E-03  1.288501517E-04  1.710031183E-04 -4.010975930E-03 
        55 -4.066576250E-03  1.171694385E-04  5.689246147E-05 -4.020525214E-03 
        56 -4.119356163E-03  1.012854264E-04  6.073745610E-05 -4.121556536E-03 
        57 -4.222594202E-03  8.263265045E-05  6.198469455E-05 -4.222944128E-03 
        58 -4.324425943E-03  7.765603368E-05  6.007520483E-05 -4.324261684E-03 
        59 -4.425071646E-03  7.402909978E-05  5.780932662E-05 -4.424947168E-03 
        60 -4.526594188E-03  7.038519834E-05  5.596906824E-05 -4.526306414E-03 
        61 -4.628570750E-03  6.445419422E-05  5.666467444E-05 -4.629023667E-03 
        62 -4.730237648E-03  5.735868763E-05  6.050692886E-05 -4.730923795E-03 
        63 -4.831879865E-03  4.616693695E-05  6.405840120E-05 -4.833593435E-03 
        64 -4.918053746E-03  1.886862810E-05  6.643712700E-05 -4.937359311E-03 
        65 -5.080442410E-03  1.990169054E-03  1.938990709E-03 -5.118253907E-03 
        66 -5.017801188E-03  1.965712057E-03  1.944484711E-03 -5.017463170E-03 
        67 -4.918244202E-03  1.948680962E-03  1.948290908E-03 -4.918495029E-03 
        68 -4.819304217E-03  1.945067546E-03  1.948353827E-03 -4.818912674E-03 
        69 -5.807901267E-03  2.261270492E-05  6.710090730E-05 -5.834726738E-03 
        70 -5.732252728E-03  4.583646296E-05  6.005380669E-05 -5.732217633E-03 
        71 -5.634651985E-03  2.322375803E-05  5.134376603E-05 -5.633311034E-03 
