cellnumber     x-coordinate     y-coordinate     y-coordinate     x-coordinate 
         1 -6.814318243E-03  1.987831667E-03  1.951895744E-03 -6.844616968E-03 
         2 -6.744883955E-03  1.974654384E-03  1.949864175E-03 -6.748831175E-03 
         3 -6.643068045E-03  1.977878623E-03  1.945437433E-03 -6.647916601E-03 
         4 -6.541201845E-03  1.979569206E-03  1.943884588E-03 -6.546492771E-03 
         5 -6.441527046E-03  1.967980759E-03  1.940514493E-03 -6.446167279E-03 
         6 -6.341696251E-03  1.951614395E-03  1.941039642E-03 -6.343202304E-03 
         7 -6.242758129E-03  1.928142388E-03  1.942084476E-03 -6.241432963E-03 
         8 -6.177726667E-03  1.900028321E-03  1.944167968E-03 -6.138718099E-03 
         9 -6.127428729E-03  1.874156995E-03  1.831148484E-03 -6.148697502E-03 
        10 -6.041794550E-03  1.828418579E-03  1.840988043E-03 -6.041242266E-03 
        11 -5.985778756E-03  1.793804578E-03  1.729865500E-03 -6.024573084E-03 
        12 -5.928413477E-03  1.769940718E-03  1.769609237E-03 -5.917776894E-03 
        13 -5.821462721E-03  1.716381288E-03  1.711827758E-03 -5.827078745E-03 
        14 -5.740678869E-03  1.655429020E-03  1.684758851E-03 -5.702584824E-03 
        15 -5.688101985E-03  1.597834751E-03  1.550953584E-03 -5.732509647E-03 
        16 -5.625495221E-03  1.518130419E-03  1.538188502E-03 -5.601316230E-03 
        17 -5.568328779E-03  1.433654688E-03  1.396155016E-03 -5.617352103E-03 
        18 -5.516306497E-03  1.363308169E-03  1.396870639E-03 -5.469922228E-03 
        19 -5.454987753E-03  1.234199503E-03  1.235956196E-03 -5.470876819E-03 
        20 -5.440817215E-03  1.049112412E-03  1.064483104E-03 -5.499022833E-03 
        21 -5.474780686E-03  8.905139402E-04  9.029525121E-04 -5.549244855E-03 
        22 -6.911943667E-03  2.123078775E-05  7.181474448E-05 -6.944535300E-03 
        23 -6.841533352E-03  4.927982445E-05  6.939597676E-05 -6.840962208E-03 
        24 -6.738765631E-03  5.753053119E-05  6.322564647E-05 -6.739235961E-03 
        25 -6.639235187E-03  6.527321239E-05  5.527185840E-05 -6.640630413E-03 
        26 -6.561404560E-03  8.501511184E-05  4.872757658E-05 -6.545017618E-03 
        27 -6.517587230E-03  1.015650196E-04  1.430828731E-04 -6.543170477E-03 
        28 -6.458436139E-03  1.166161819E-04  1.448007427E-04 -6.458353708E-03 
        29 -6.367577240E-03  1.459603664E-04  1.623601500E-04 -6.370947598E-03 
        30 -6.272667553E-03  1.908738777E-04  1.716427780E-04 -6.269541989E-03 
        31 -6.214141380E-03  2.269331162E-04  1.810521465E-04 -6.165155568E-03 
        32 -6.166797131E-03  2.528190671E-04  2.900316013E-04 -6.184285768E-03 
        33 -6.071615033E-03  3.015332331E-04  3.134858775E-04 -6.073964323E-03 
        34 -5.977498833E-03  3.616745526E-04  3.285145104E-04 -5.945833166E-03 
        35 -5.909456871E-03  4.123366671E-04  4.604597269E-04 -5.953873482E-03 
        36 -5.812092219E-03  4.775180423E-04  4.585224583E-04 -5.798018245E-03 
        37 -5.722115748E-03  5.417938810E-04  6.006745647E-04 -5.781646701E-03 
        38 -5.635544658E-03  6.160872872E-04  5.788387543E-04 -5.593354302E-03 
        39 -5.533093121E-03  7.468631957E-04  7.543714502E-04 -5.580032848E-03 
