cellnumber     x-coordinate     y-coordinate     y-coordinate     x-coordinate 
         1 -4.169874359E-03  1.994811231E-03  1.931636683E-03 -4.211520295E-03 
         2 -4.107936285E-03  1.969190547E-03  1.933075753E-03 -4.109019672E-03 
         3 -4.006295465E-03  1.945566735E-03  1.934369578E-03 -4.006508197E-03 
         4 -3.904634621E-03  1.940893708E-03  1.936141286E-03 -3.904823046E-03 
         5 -3.804334672E-03  1.937685302E-03  1.938266303E-03 -3.804586373E-03 
         6 -3.705707146E-03  1.932846615E-03  1.940709876E-03 -3.705521991E-03 
         7 -3.608485451E-03  1.928505255E-03  1.941697752E-03 -3.607061421E-03 
         8 -3.511272836E-03  1.929561375E-03  1.938766576E-03 -3.509147931E-03 
         9 -3.406923031E-03  1.930674538E-03  1.932905906E-03 -3.406640362E-03 
        10 -3.299681004E-03  1.924904995E-03  1.937228295E-03 -3.300266113E-03 
        11 -3.204322187E-03  1.914530527E-03  1.943163964E-03 -3.201366508E-03 
        12 -3.111920319E-03  1.904962934E-03  1.941788315E-03 -3.105180951E-03 
        13 -3.013158916E-03  1.903233118E-03  1.939727861E-03 -3.005310109E-03 
        14 -2.911844524E-03  1.904055011E-03  1.935561470E-03 -2.904892689E-03 
        15 -2.808511024E-03  1.899746363E-03  1.932500257E-03 -2.802616471E-03 
        16 -2.705803141E-03  1.890978776E-03  1.932111083E-03 -2.699786421E-03 
        17 -9.130217368E-04  1.447443734E-03  1.381782849E-03 -9.776427186E-04 
        18 -8.413718315E-04  1.385401585E-03  1.392368641E-03 -8.309814945E-04 
        19 -7.681404240E-04  1.306569320E-03  1.244119240E-03 -8.301378174E-04 
        20 -7.224485162E-04  1.238647150E-03  1.274062105E-03 -6.823175616E-04 
        21 -6.868823548E-04  1.101089758E-03  1.103240867E-03 -6.630644717E-04 
        22 -7.165168063E-04  9.525225614E-04  8.973392836E-04 -6.611632941E-04 
        23 -7.759005530E-04  8.432128234E-04  8.915929520E-04 -8.171773697E-04 
        24 -8.760539349E-04  7.293280796E-04  7.216807854E-04 -8.603986968E-04 
        25 -9.569168324E-04  6.659160135E-04  7.722033649E-04 -1.004195331E-03 
        26 -1.033008797E-03  6.125965738E-04  5.975935816E-04 -1.033549055E-03 
        27 -2.440607641E-03  2.270039840E-04  2.201922154E-04 -2.440115159E-03 
        28 -2.329606097E-03  2.614809491E-04  2.186625499E-04 -2.328098011E-03 
        29 -2.272495301E-03  2.865028800E-04  2.112852275E-04 -2.217161031E-03 
        30 -2.213457366E-03  2.998475393E-04  3.520143230E-04 -2.212597215E-03 
        31 -2.098775236E-03  3.241577942E-04  3.312500706E-04 -2.099126022E-03 
        32 -2.014982747E-03  3.487383947E-04  3.029544401E-04 -1.995195726E-03 
        33 -1.935109729E-03  3.730073513E-04  4.173342036E-04 -1.946427311E-03 
        34 -1.850667992E-03  3.877592972E-04  3.519095714E-04 -1.855315360E-03 
        35 -1.758167404E-03  3.974426363E-04  3.893469520E-04 -1.756236354E-03 
        36 -1.638787333E-03  4.079328210E-04  3.987650529E-04 -1.637128831E-03 
        37 -1.504702144E-03  4.279073037E-04  3.957838067E-04 -1.512344797E-03 
        38 -1.423896872E-03  4.450676788E-04  5.452351601E-04 -1.510181627E-03 
        39 -1.376392902E-03  4.601634573E-04  5.787088589E-04 -1.353333446E-03 
        40 -1.290706685E-03  4.870952689E-04  4.244326933E-04 -1.305797156E-03 
        41 -1.241975697E-03  5.035932409E-04  4.548834980E-04 -1.167276196E-03 
        42 -1.169497613E-03  5.355497706E-04  6.053760534E-04 -1.184284385E-03 
        43 -2.633883618E-03  1.875742222E-03  1.933004749E-03 -2.597631251E-03 
        44 -2.583906054E-03  1.861525932E-03  1.799962270E-03 -2.611890894E-03 
        45 -2.504074713E-03  1.844449434E-03  1.807533011E-03 -2.506620354E-03 
        46 -2.403376857E-03  1.819437835E-03  1.814425294E-03 -2.403696474E-03 
        47 -2.301208209E-03  1.793380594E-03  1.814740996E-03 -2.299235548E-03 
        48 -2.194892615E-03  1.768716844E-03  1.808920785E-03 -2.191616715E-03 
        49 -2.084633801E-03  1.747207018E-03  1.800316934E-03 -2.082469901E-03 
        50 -2.007495146E-03  1.732215169E-03  1.794137860E-03 -1.972503144E-03 
        51 -1.951038255E-03  1.722565270E-03  1.656135306E-03 -1.975000886E-03 
        52 -1.857344061E-03  1.706273993E-03  1.652610595E-03 -1.855339528E-03 
        53 -1.716672909E-03  1.667052391E-03  1.673647406E-03 -1.725666230E-03 
        54 -1.633081585E-03  1.639024122E-03  1.546881967E-03 -1.685007620E-03 
        55 -1.549373730E-03  1.631087507E-03  1.615152290E-03 -1.546052270E-03 
        56 -2.550671343E-03  2.090899652E-04  2.134558165E-04 -2.551091762E-03 
        57 -2.659527585E-03  1.924845710E-04  1.989311877E-04 -2.660682491E-03 
        58 -2.765376354E-03  1.733657264E-04  1.782028234E-04 -2.766268784E-03 
        59 -2.867501462E-03  1.653269865E-04  1.519967680E-04 -2.860687855E-03 
        60 -2.928449307E-03  1.718676358E-04  1.245868552E-04 -2.938612863E-03 
        61 -2.979989396E-03  1.715267572E-04  1.949605707E-04 -2.983549814E-03 
        62 -3.033962334E-03  1.591399196E-04  1.214414492E-04 -3.016459697E-03 
        63 -3.098188434E-03  1.382087939E-04  1.454524803E-04 -3.098442181E-03 
        64 -3.184834030E-03  1.190414623E-04  1.685867443E-04 -3.193051086E-03 
        65 -3.237711266E-03  1.047715050E-04  5.527762229E-05 -3.210920916E-03 
        66 -3.308715764E-03  8.513697685E-05  6.199954715E-05 -3.311930414E-03 
        67 -3.415247193E-03  6.988102541E-05  6.462525821E-05 -3.415662322E-03 
        68 -3.520359984E-03  6.386870518E-05  6.380833434E-05 -3.520089625E-03 
        69 -3.624669043E-03  6.256852794E-05  5.980250934E-05 -3.623612789E-03 
        70 -3.725241637E-03  6.574457075E-05  5.360691041E-05 -3.723738008E-03 
        71 -3.822908271E-03  6.736591604E-05  5.102335929E-05 -3.822366682E-03 
        72 -3.920534160E-03  6.308263255E-05  5.225894635E-05 -3.921222529E-03 
        73 -4.019835498E-03  5.742365829E-05  5.689246147E-05 -4.020525214E-03 
        74 -4.121417180E-03  5.274621799E-05  6.073745610E-05 -4.121556536E-03 
        75 -4.223330878E-03  4.773378532E-05  6.198469455E-05 -4.222944128E-03 
        76 -4.324770067E-03  4.066777910E-05  6.007520483E-05 -4.324261684E-03 
        77 -4.425574094E-03  3.133386417E-05  5.780932662E-05 -4.424947168E-03 
        78 -4.526644479E-03  2.321596548E-05  5.596906824E-05 -4.526306414E-03 
        79 -4.597411491E-03  9.997119378E-06  5.666467444E-05 -4.629023667E-03 
        80 -5.174631253E-03  1.656318636E-05  6.473279037E-05 -5.145436630E-03 
        81 -5.241036881E-03  3.167477917E-05  5.901185833E-05 -5.247603241E-03 
        82 -5.102636758E-03  1.975758467E-03  1.938990709E-03 -5.118253907E-03 
        83 -5.016997457E-03  1.949552563E-03  1.944484711E-03 -5.017463170E-03 
        84 -4.917132668E-03  1.971305581E-03  1.948290908E-03 -4.918495029E-03 
        85 -4.865275230E-03  1.997511368E-03  1.948353827E-03 -4.818912674E-03 
        86 -9.756538202E-04  1.488911104E-03  1.521332281E-03 -9.596832584E-04 
        87 -1.094155945E-03  1.540219877E-03  1.530420846E-03 -1.096716922E-03 
        88 -1.228202367E-03  1.578985015E-03  1.559579817E-03 -1.236544091E-03 
        89 -1.369353384E-03  1.611454180E-03  1.616039874E-03 -1.358988624E-03 
        90 -1.455525286E-03  1.623200602E-03  1.685995259E-03 -1.449680351E-03 
        91 -5.497155245E-03  1.046820762E-05  4.459777306E-05 -5.537449764E-03 
        92 -5.438205786E-03  2.242739538E-05  4.492314267E-05 -5.441885650E-03 
        93 -5.340571515E-03  2.707077692E-05  5.082560188E-05 -5.345947182E-03 
