cellnumber     x-coordinate     y-coordinate     y-coordinate     x-coordinate 
         1 -4.180420656E-03  1.973668579E-03  1.931636683E-03 -4.211520295E-03 
         2 -4.108204041E-03  1.970135374E-03  1.933075753E-03 -4.109019672E-03 
         3 -4.055322148E-03  1.996466657E-03  1.934369578E-03 -4.006508197E-03 
         4 -3.152118530E-03  1.995013794E-03  1.943163964E-03 -3.201366508E-03 
         5 -3.098171437E-03  1.981838141E-03  1.941788315E-03 -3.105180951E-03 
         6 -2.997539705E-03  1.979961991E-03  1.939727861E-03 -3.005310109E-03 
         7 -2.925731475E-03  1.993137645E-03  1.935561470E-03 -2.904892689E-03 
         8  9.777175728E-04  7.790268683E-06  3.973284875E-05  9.851097223E-04 
         9  9.472686215E-04  7.790268683E-06  4.903805260E-05  9.098509854E-04 
        10  7.626338629E-04  6.811051776E-07  3.064314326E-05  7.819077585E-04 
        11  7.292858209E-04  3.895777354E-06  2.376551705E-05  7.244123886E-04 
        12  6.669372087E-04  1.161683758E-05  2.274665324E-05  6.657491188E-04 
        13  6.033077952E-04  1.466194226E-05  2.138182500E-05  6.018984717E-04 
        14  1.837532618E-03  2.290820557E-04  2.266481103E-04  1.821234054E-03 
        15  1.809566165E-03  2.551516227E-04  2.643540103E-04  1.814250299E-03 
        16  1.957555767E-03  7.273977099E-05  8.091219465E-05  1.957743481E-03 
        17  2.019087318E-03  8.065791189E-05  9.041714092E-05  2.019015436E-03 
        18  2.088671084E-03  7.626887964E-05  9.321694742E-05  2.087244387E-03 
        19  2.128718887E-03  5.801032603E-05  2.900919835E-05  2.095151697E-03 
        20  2.146066399E-03  2.865746865E-05  2.897047908E-05  2.166466837E-03 
        21  1.706979820E-03  4.267046752E-04  4.491513420E-04  1.726133603E-03 
        22  1.738305204E-03  4.229718470E-04  4.118375167E-04  1.737779301E-03 
        23  1.787694287E-03  4.284034367E-04  4.138385057E-04  1.791122403E-03 
        24  1.815940603E-03  4.377432342E-04  4.654353708E-04  1.801073935E-03 
        25  1.844759798E-03  4.522750678E-04  4.511102458E-04  1.849586075E-03 
        26  1.878221519E-03  4.798393056E-04  4.878464729E-04  1.860332154E-03 
        27  1.964704366E-03  4.890760756E-04  4.823417090E-04  1.960243117E-03 
        28  2.004534937E-03  4.697802651E-04  4.871746654E-04  2.003087250E-03 
        29  2.057518577E-03  4.724735918E-04  4.757994699E-04  2.056123709E-03 
        30  2.092845738E-03  4.793404951E-04  4.581083354E-04  2.106227612E-03 
        31  2.118678298E-03  4.899423220E-04  5.117122199E-04  2.116709311E-03 
        32  2.147263847E-03  5.109204212E-04  4.923889213E-04  2.151452060E-03 
        33  2.167718951E-03  5.385582917E-04  5.355678912E-04  2.172670035E-03 
        34  2.191517735E-03  5.708813551E-04  5.730438063E-04  2.187308682E-03 
        35  2.208828926E-03  5.918057286E-04  5.666132943E-04  2.227791747E-03 
        36  2.213664586E-03  6.185536040E-04  6.176894388E-04  2.226688509E-03 
        37  2.213960746E-03  6.679730723E-04  6.667615617E-04  2.222508414E-03 
        38  2.213458298E-03  6.962178159E-04  7.151286315E-04  2.239451992E-03 
        39 -1.006878912E-03  7.981585077E-05  6.636507486E-05 -1.005326591E-03 
        40 -9.018185083E-04  7.816790458E-05  6.680606303E-05 -9.013910211E-04 
        41 -7.969395956E-04  7.674050721E-05  6.575810028E-05 -7.972552363E-04 
        42 -6.926160422E-04  7.505762187E-05  6.355081433E-05 -6.935649223E-04 
        43 -5.887056468E-04  7.515547622E-05  6.038485763E-05 -5.907983585E-04 
        44 -4.836798762E-04  7.971554442E-05  5.539476994E-05 -4.882335345E-04 
        45 -4.052598088E-04  9.023268649E-05  4.835427240E-05 -3.882786737E-04 
        46 -3.548224631E-04  9.825568122E-05  1.461014197E-04 -3.694341506E-04 
        47 -2.793434542E-04  1.047846017E-04  1.281231806E-04 -2.752816664E-04 
        48 -1.871669228E-04  1.245685708E-04  1.108253011E-04 -1.840752402E-04 
        49 -1.372690604E-04  1.403720671E-04  1.824621522E-04 -1.631405136E-04 
        50 -9.183215298E-05  1.523378451E-04  1.562393313E-04 -8.961924719E-05 
        51 -4.707341213E-05  1.677009859E-04  1.429506679E-04 -2.640014050E-05 
        52 -1.502080158E-05  1.802749903E-04  1.926155920E-04 -1.566857720E-05 
        53  3.979132453E-05  1.969159202E-04  1.880186171E-04  3.887628747E-05 
        54  7.434935105E-05  2.073090582E-04  2.417783347E-04  4.495860527E-05 
        55  8.381088992E-05  2.095754317E-04  2.489255570E-04  9.405898740E-05 
        56  1.034253146E-04  2.858822518E-05  2.794200578E-05  1.007808420E-04 
        57  2.465984144E-04  1.685986208E-04  1.930118503E-04  2.622026838E-04 
        58  2.610343508E-04  1.406042138E-04  1.408289672E-04  2.717250439E-04 
        59  2.847982687E-04  9.687207057E-05  8.822211316E-05  2.654353734E-04 
        60  3.061751195E-04  6.865851174E-05  8.110587978E-05  3.211743461E-04 
        61  3.336248919E-04  4.322600580E-05  2.775908311E-05  3.200411847E-04 
        62  3.777882666E-04  2.001536632E-05  2.357188179E-05  3.768744278E-04 
        63  4.328722716E-04  4.991121386E-06  1.961275604E-05  4.300925550E-04 
        64  2.019527601E-04  2.872739969E-05  2.931386421E-05  2.067113238E-04 
        65  4.916965263E-04  9.709546021E-07  1.937761130E-05  4.826194126E-04 
        66  5.439195083E-04  7.230732081E-06  1.926840855E-05  5.412139952E-04 
        67 -2.362689935E-03  7.990958579E-07  7.332680564E-05 -2.420594786E-03 
        68 -2.311122837E-03  2.246609074E-05  7.311501499E-05 -2.316820890E-03 
        69 -2.211588202E-03  5.202729881E-05  7.043852328E-05 -2.213196658E-03 
        70 -2.110158559E-03  6.323632260E-05  6.674919455E-05 -2.110809722E-03 
        71 -2.008853015E-03  7.038118929E-05  6.249115734E-05 -2.009269490E-03 
        72 -1.910017454E-03  8.122531290E-05  5.855735120E-05 -1.909155614E-03 
        73 -1.812398550E-03  9.471845260E-05  5.673498202E-05 -1.809930395E-03 
        74 -1.713670790E-03  1.036689137E-04  5.515330775E-05 -1.709579807E-03 
        75 -1.613669680E-03  1.051751533E-04  5.457516422E-05 -1.609092055E-03 
        76 -1.514824457E-03  1.055282264E-04  5.383556151E-05 -1.509067679E-03 
        77 -1.417661435E-03  1.060726645E-04  5.490773208E-05 -1.410009075E-03 
        78 -1.317873131E-03  1.016907045E-04  5.715688499E-05 -1.310405891E-03 
        79 -1.215360360E-03  9.167855751E-05  6.005970237E-05 -1.209844188E-03 
        80 -1.111669117E-03  8.348525444E-05  6.361088174E-05 -1.108407631E-03 
        81 -2.557901433E-03  1.987518277E-03  1.933004749E-03 -2.597631251E-03 
        82 -2.491792198E-03  1.961025409E-03  1.934575948E-03 -2.495273050E-03 
        83 -2.391732065E-03  1.945647062E-03  1.936099255E-03 -2.392953671E-03 
        84 -2.289111493E-03  1.943219220E-03  1.936053435E-03 -2.289587949E-03 
        85 -2.185426652E-03  1.941327471E-03  1.934468811E-03 -2.185353151E-03 
        86 -2.081559971E-03  1.939489855E-03  1.932282097E-03 -2.081243068E-03 
        87 -1.977832988E-03  1.937472145E-03  1.931099759E-03 -1.977459928E-03 
        88 -1.874350710E-03  1.935240929E-03  1.931720263E-03 -1.874312453E-03 
        89 -1.770424424E-03  1.932606683E-03  1.935050064E-03 -1.771475459E-03 
        90 -1.667202567E-03  1.926366007E-03  1.942464568E-03 -1.670585838E-03 
        91  2.194043947E-03  8.410378359E-04  8.730734555E-04  2.169349594E-03 
        92  1.861339668E-03  1.570970635E-03  1.615014651E-03  1.856528149E-03 
        93  1.833420014E-03  1.569852117E-03  1.560884347E-03  1.827830160E-03 
        94  1.792278956E-03  1.557567157E-03  1.579008411E-03  1.780569429E-03 
        95  1.783411135E-03  1.523968298E-03  1.517480735E-03  1.770494178E-03 
        96  1.791141811E-03  1.492511365E-03  1.509836650E-03  1.809975330E-03 
        97  1.789200702E-03  1.480901847E-03  1.458946259E-03  1.808596001E-03 
        98  1.776379300E-03  1.482873573E-03  1.466399391E-03  1.762134212E-03 
        99  1.756983344E-03  1.498557394E-03  1.517480735E-03  1.770494178E-03 
       100  1.736057806E-03  1.531195128E-03  1.524655038E-03  1.727520347E-03 
       101  1.739690546E-03  1.560521661E-03  1.582595273E-03  1.734875914E-03 
       102  1.778400969E-03  1.584447338E-03  1.579008411E-03  1.780569429E-03 
       103  1.824513660E-03  1.624025404E-03  1.641236910E-03  1.805098654E-03 
       104  1.853595255E-03  1.654455205E-03  1.615014651E-03  1.856528149E-03 
       105  1.736370497E-03  4.482267741E-06  1.789888280E-05  1.752290621E-03 
       106  1.717519714E-03  4.482267741E-06  2.100762831E-05  1.693537571E-03 
       107  1.702255104E-03  3.681504459E-04  3.673699769E-04  1.686578676E-03 
       108  1.699276734E-03  4.032910510E-04  4.025631072E-04  1.678642407E-03 
       109  1.700334367E-03  4.248311743E-04  4.365416312E-04  1.672054282E-03 
       110 -2.756367205E-03  1.407656782E-06  5.825507198E-05 -2.727486420E-03 
       111 -2.816409804E-03  1.150946264E-05  4.912679422E-05 -2.825656849E-03 
       112 -2.918446437E-03  2.356347977E-05  4.152960011E-05 -2.921255581E-03 
       113 -3.015788971E-03  2.906202644E-05  4.077177812E-05 -3.017093035E-03 
       114 -3.112589242E-03  3.498857768E-05  4.724476742E-05 -3.112842704E-03 
       115 -3.212395823E-03  3.368178295E-05  5.527762229E-05 -3.210920916E-03 
       116 -3.280043369E-03  1.429355962E-05  6.199954715E-05 -3.311930414E-03 
       117 -4.470078740E-03  1.020405489E-05  5.780932662E-05 -4.424947168E-03 
       118 -4.526682198E-03  1.998618063E-05  5.596906824E-05 -4.526306414E-03 
       119 -4.585138988E-03  9.782125744E-06  5.666467444E-05 -4.629023667E-03 
       120  1.370213460E-03  1.607967890E-03  1.585662596E-03  1.351178768E-03 
       121  1.404580311E-03  1.575196860E-03  1.561072749E-03  1.396691022E-03 
       122  1.437393832E-03  1.546240994E-03  1.539287077E-03  1.429685494E-03 
       123  1.454447163E-03  1.534660230E-03  1.508124257E-03  1.449609407E-03 
       124  1.455991645E-03  1.535741845E-03  1.522023490E-03  1.477240600E-03 
       125  1.457176055E-03  1.570257475E-03  1.571148631E-03  1.458417888E-03 
       126  1.458540093E-03  1.612669206E-03  1.608469635E-03  1.426755265E-03 
       127  1.176386955E-03  1.762357773E-03  1.748211226E-03  1.154960487E-03 
       128  1.169818104E-03  1.793372561E-03  1.809861486E-03  1.115217514E-03 
       129  1.204409637E-03  1.815006020E-03  1.838381267E-03  1.193961290E-03 
       130  1.272822497E-03  1.833794289E-03  1.856961563E-03  1.267478446E-03 
       131  1.332660788E-03  1.838884666E-03  1.867500230E-03  1.331326106E-03 
       132  1.376100699E-03  1.850628178E-03  1.871273436E-03  1.376826709E-03 
       133  1.409983030E-03  1.874114503E-03  1.868211398E-03  1.409581679E-03 
       134  1.428546966E-03  1.888796687E-03  1.915664079E-03  1.434807790E-03 
       135  1.526794629E-03  1.712128171E-03  1.713070001E-03  1.519707382E-03 
       136  1.517294673E-03  1.681099995E-03  1.679332608E-03  1.519103754E-03 
       137  1.487560337E-03  1.649998245E-03  1.638747362E-03  1.507103921E-03 
       138  1.466383925E-03  1.628328231E-03  1.660659986E-03  1.451366918E-03 
       139  1.591229346E-03  1.678370289E-03  1.679761024E-03  1.569925101E-03 
       140  1.597462571E-03  1.693141530E-03  1.685627301E-03  1.617964135E-03 
       141  1.601522439E-03  1.719658147E-03  1.724050047E-03  1.617561812E-03 
       142  1.625879202E-03  1.673426130E-03  1.685627301E-03  1.617964135E-03 
       143  1.647679950E-03  1.687365700E-03  1.675496708E-03  1.670018958E-03 
       144  1.672244282E-03  1.722438144E-03  1.727118653E-03  1.667279858E-03 
       145  1.698168926E-03  1.753787277E-03  1.730930592E-03  1.714327700E-03 
       146  1.695448300E-03  1.769611845E-03  1.782133242E-03  1.704231979E-03 
       147  1.664000330E-03  1.792984665E-03  1.782199968E-03  1.660432579E-03 
       148  1.893244800E-03  1.597618451E-03  1.604245507E-03  1.900694087E-03 
       149  2.214022446E-03  1.639686525E-03  1.643766960E-03  2.208972274E-03 
       150  2.183739562E-03  1.612687018E-03  1.615144122E-03  2.182252382E-03 
       151  2.177480143E-03  1.579863485E-03  1.578827015E-03  2.164550487E-03 
       152  2.200322459E-03  1.552354894E-03  1.560635545E-03  2.212241754E-03 
       153  2.217098372E-03  1.539052813E-03  1.526256395E-03  2.194044070E-03 
       154  2.235593507E-03  1.529678004E-03  1.537186174E-03  2.246447085E-03 
       155  2.251303988E-03  1.510347123E-03  1.515653272E-03  2.271471998E-03 
       156  2.247653436E-03  1.474284334E-03  1.476109714E-03  2.240038836E-03 
       157  2.234896179E-03  1.443132991E-03  1.445593373E-03  2.231478300E-03 
       158  2.225837670E-03  1.813310198E-03  1.823114904E-03  2.238084112E-03 
       159  2.248652512E-03  1.815275056E-03  1.805605164E-03  2.233513882E-03 
       160  2.265534364E-03  1.810831833E-03  1.811524261E-03  2.267541019E-03 
       161  2.262115246E-03  1.362104900E-03  1.360744986E-03  2.262743285E-03 
       162  2.470853273E-03  1.377283130E-03  1.379946721E-03  2.471568347E-03 
       163  2.210219856E-03  1.950037316E-03  1.946676450E-03  2.214724454E-03 
       164  2.212285530E-03  1.979351975E-03  1.980171155E-03  2.200067059E-03 
       165  2.315354766E-03  9.714638581E-04  9.941431437E-04  2.322069513E-03 
       166  2.313870238E-03  9.670110303E-04  9.432424586E-04  2.303286738E-03 
       167  2.466785721E-03  9.679118521E-04  1.003605849E-03  2.467907693E-03 
       168  2.416353673E-03  9.798179381E-04  1.021481077E-03  2.411528416E-03 
       169  2.383420244E-03  9.833432268E-04  9.606268894E-04  2.387891978E-03 
       170  2.350857016E-03  9.699425427E-04  9.844346430E-04  2.350852199E-03 
       171  2.341574058E-03  9.489636868E-04  9.308468584E-04  2.328831383E-03 
       172  2.351928502E-03  9.254109464E-04  9.254726498E-04  2.355664339E-03 
       173  2.345578745E-03  8.895719657E-04  8.885825418E-04  2.360262536E-03 
       174  2.333060605E-03  8.650068194E-04  8.833630418E-04  2.316458271E-03 
       175  2.314523328E-03  8.562365547E-04  8.428438263E-04  2.316124380E-03 
       176  2.293554600E-03  8.510303451E-04  8.267072934E-04  2.282355148E-03 
       177  2.268043812E-03  8.537115646E-04  8.744391013E-04  2.272910402E-03 
       178  2.222635550E-03  8.491086191E-04  8.619268790E-04  2.218314168E-03 
       179  4.624161520E-04  1.975113060E-03  1.974844604E-03  4.631898431E-04 
       180  4.227713216E-04  1.939806971E-03  1.926672699E-03  4.543770204E-04 
       181  4.029636038E-04  1.907148981E-03  1.912972231E-03  3.935666735E-04 
       182  3.773451608E-04  1.860401593E-03  1.859741076E-03  3.878779436E-04 
       183  3.498123260E-04  1.828174805E-03  1.815530276E-03  3.660791114E-04 
       184  1.830170659E-04  1.833869144E-03  1.827176184E-03  1.726120209E-04 
       185  1.430208795E-04  1.854224713E-03  1.877753079E-03  1.572261929E-04 
       186  9.998198948E-05  1.875285176E-03  1.869255230E-03  1.027193741E-04 
       187  6.351462071E-05  1.889685518E-03  1.856895194E-03  3.873604122E-05 
       188  2.376990415E-05  1.904834178E-03  1.913217268E-03  2.418366512E-05 
       189 -5.157572741E-05  1.925478689E-03  1.901941876E-03 -5.184226983E-05 
       190 -9.517645958E-05  1.934131840E-03  1.967698909E-03 -6.296029824E-05 
       191 -1.502758969E-04  1.945344149E-03  1.961727822E-03 -1.543619787E-04 
       192 -2.521748829E-04  1.954735024E-03  1.952891398E-03 -2.536683967E-04 
       193 -3.571076668E-04  1.954513369E-03  1.944888835E-03 -3.576104262E-04 
       194 -4.617339582E-04  1.952819526E-03  1.937868019E-03 -4.625970964E-04 
       195 -5.661856267E-04  1.951105660E-03  1.933420872E-03 -5.677151537E-04 
       196 -6.700886297E-04  1.947687007E-03  1.931035804E-03 -6.720340127E-04 
       197 -7.740108413E-04  1.943831914E-03  1.929621388E-03 -7.762373276E-04 
       198 -8.782779332E-04  1.941543887E-03  1.929185365E-03 -8.805429480E-04 
       199 -9.830526542E-04  1.939573674E-03  1.931300447E-03 -9.845805923E-04 
       200 -1.088948804E-03  1.935670502E-03  1.936006340E-03 -1.087852054E-03 
       201 -1.195969991E-03  1.925125718E-03  1.943793790E-03 -1.188405186E-03 
       202 -1.273500151E-03  1.909719198E-03  1.951891793E-03 -1.285628838E-03 
       203 -1.324218931E-03  1.900513656E-03  1.852236959E-03 -1.322700402E-03 
       204 -1.393587096E-03  1.898440532E-03  1.874523444E-03 -1.398003815E-03 
       205 -1.477041398E-03  1.900524250E-03  1.874830866E-03 -1.474881274E-03 
       206 -1.535466174E-03  1.903569326E-03  1.850798777E-03 -1.553051966E-03 
       207 -1.584603917E-03  1.912799547E-03  1.951318214E-03 -1.572415930E-03 
