cellnumber     x-coordinate     y-coordinate     y-coordinate     x-coordinate 
         1 -4.363136366E-03  1.996358158E-03  1.933136697E-03 -4.416522146E-03 
         2 -4.311825614E-03  1.966317650E-03  1.931426409E-03 -4.314333929E-03 
         3 -4.234053195E-03  1.969959820E-03  1.931636683E-03 -4.211520295E-03 
         4 -3.351903055E-03  1.997482497E-03  1.932905906E-03 -3.406640362E-03 
         5 -3.297513351E-03  1.993788872E-03  1.937228295E-03 -3.300266113E-03 
         6 -3.207630245E-03  1.996306470E-03  1.943163964E-03 -3.201366508E-03 
         7 -3.051229985E-03  1.999826636E-03  1.941788315E-03 -3.105180951E-03 
         8 -2.994719660E-03  1.994433813E-03  1.939727861E-03 -3.005310109E-03 
         9 -2.895668847E-03  1.983083552E-03  1.935561470E-03 -2.904892689E-03 
        10 -2.796552377E-03  1.967248973E-03  1.932500257E-03 -2.802616471E-03 
        11 -2.696929965E-03  1.950999373E-03  1.932111083E-03 -2.699786421E-03 
        12  1.077077934E-03  6.600792403E-06  3.561057739E-05  1.060296711E-03 
        13 -1.008121995E-03  9.425163444E-05  6.636507486E-05 -1.005326591E-03 
        14 -9.028296918E-04  1.062151350E-04  6.680606303E-05 -9.013910211E-04 
        15 -8.075620281E-04  1.215978773E-04  6.575810028E-05 -7.972552363E-04 
        16 -7.536340272E-04  1.296638220E-04  1.938604447E-04 -7.950795716E-04 
        17 -6.893087411E-04  1.309391373E-04  1.869981581E-04 -6.853314307E-04 
        18 -5.831805174E-04  1.293911628E-04  1.774708527E-04 -5.775250902E-04 
        19 -4.769768275E-04  1.233946678E-04  1.637269837E-04 -4.703043525E-04 
        20 -3.751902841E-04  1.169501702E-04  1.461014197E-04 -3.694341506E-04 
        21 -2.770411083E-04  1.148746960E-04  1.281231806E-04 -2.752816664E-04 
        22 -1.843527862E-04  1.265830506E-04  1.108253011E-04 -1.840752402E-04 
        23 -1.356766734E-04  1.382652408E-04  1.824621522E-04 -1.631405136E-04 
        24 -9.282690007E-05  1.489293354E-04  1.562393313E-04 -8.961924719E-05 
        25 -3.395612657E-05  1.642656425E-04  1.429506679E-04 -2.640014050E-05 
        26 -2.778689350E-06  1.705535833E-04  1.926155920E-04 -1.566857720E-05 
        27  1.051544768E-05  1.687757758E-04  1.880186171E-04  3.887628747E-05 
        28  9.820185369E-06  1.610979089E-04  1.372427601E-04  2.941064111E-05 
        29 -1.000548218E-05  1.359329763E-04  1.429506679E-04 -2.640014050E-05 
        30 -1.174623503E-05  9.314469935E-05  8.900635807E-05 -3.160334126E-05 
        31  6.479653166E-06  6.585996016E-05  8.707509544E-05  3.682231778E-05 
        32  4.240994895E-05  3.738996384E-05  3.393898202E-05  4.248468120E-05 
        33  9.642360237E-05  3.125962030E-05  2.794200578E-05  1.007808420E-04 
        34  2.158563148E-04  4.548803554E-05  2.931386421E-05  2.067113238E-04 
        35  2.504463482E-04  1.601955591E-05  3.429371706E-05  2.597225743E-04 
        36 -2.418760676E-03  5.977548426E-05  7.332680564E-05 -2.420594786E-03 
        37 -2.315511229E-03  6.231566658E-05  7.311501499E-05 -2.316820890E-03 
        38 -2.212452469E-03  6.465888873E-05  7.043852328E-05 -2.213196658E-03 
        39 -2.110312693E-03  6.719170051E-05  6.674919455E-05 -2.110809722E-03 
        40 -2.008884680E-03  7.132931205E-05  6.249115734E-05 -2.009269490E-03 
        41 -1.909761922E-03  7.705879398E-05  5.855735120E-05 -1.909155614E-03 
        42 -1.811601222E-03  8.400579100E-05  5.673498202E-05 -1.809930395E-03 
        43 -1.712437137E-03  8.941260603E-05  5.515330775E-05 -1.709579807E-03 
        44 -1.612492604E-03  9.252264863E-05  5.457516422E-05 -1.609092055E-03 
        45 -1.513888128E-03  9.670762665E-05  5.383556151E-05 -1.509067679E-03 
        46 -1.417074353E-03  1.017715913E-04  5.490773208E-05 -1.410009075E-03 
        47 -1.317902468E-03  1.018467519E-04  5.715688499E-05 -1.310405891E-03 
        48 -1.215896918E-03  9.508286894E-05  6.005970237E-05 -1.209844188E-03 
        49 -1.112608705E-03  9.048194624E-05  6.361088174E-05 -1.108407631E-03 
        50 -2.596170176E-03  1.942294417E-03  1.933004749E-03 -2.597631251E-03 
        51 -2.494608052E-03  1.938279136E-03  1.934575948E-03 -2.495273050E-03 
        52 -2.392951632E-03  1.934152213E-03  1.936099255E-03 -2.392953671E-03 
        53 -2.290074714E-03  1.930981409E-03  1.936053435E-03 -2.289587949E-03 
        54 -2.185830381E-03  1.930362894E-03  1.934468811E-03 -2.185353151E-03 
        55 -2.081508748E-03  1.930969069E-03  1.932282097E-03 -2.081243068E-03 
        56 -1.977559645E-03  1.931431936E-03  1.931099759E-03 -1.977459928E-03 
        57 -1.874040463E-03  1.931246370E-03  1.931720263E-03 -1.874312453E-03 
        58 -1.770126051E-03  1.929978607E-03  1.935050064E-03 -1.771475459E-03 
        59 -1.666859142E-03  1.923802309E-03  1.942464568E-03 -1.670585838E-03 
        60  1.518586534E-03  3.022314013E-05  2.940408889E-05  1.547688228E-03 
        61  1.526777167E-03  8.995547250E-05  8.827208810E-05  1.542645135E-03 
        62  1.537746051E-03  1.478611084E-04  1.460479947E-04  1.540643245E-03 
        63  1.540081226E-03  2.013381600E-04  2.005083215E-04  1.536766356E-03 
        64  1.527319313E-03  2.431502071E-04  2.556878611E-04  1.543023861E-03 
        65  1.513893600E-03  2.716182789E-04  2.613806045E-04  1.491844116E-03 
        66  1.183472923E-03  2.022095487E-06  2.564670187E-05  1.216729608E-03 
        67  1.140714507E-03  8.622886526E-06  3.101034304E-05  1.138412517E-03 
        68  1.559205120E-03  4.713885428E-04  4.694127814E-04  1.570889464E-03 
        69  1.558428747E-03  4.901472712E-04  4.880986154E-04  1.558085760E-03 
        70  1.557209995E-03  5.140180001E-04  5.267495125E-04  1.542733763E-03 
        71  1.292833593E-03  7.128759171E-04  6.963759560E-04  1.279178579E-03 
        72  1.271547866E-03  7.180230459E-04  7.294924444E-04  1.289224498E-03 
        73  1.252865302E-03  7.386005600E-04  7.446784629E-04  1.257252981E-03 
        74  1.228830661E-03  7.658435497E-04  7.531452094E-04  1.205814394E-03 
        75  1.195783843E-03  7.928885752E-04  7.920525208E-04  1.202978166E-03 
        76  1.172623015E-03  8.114189259E-04  7.972717640E-04  1.150254311E-03 
        77  1.172647229E-03  8.122273139E-04  8.423857949E-04  1.154607389E-03 
        78  1.183873275E-03  8.373357123E-04  8.360423158E-04  1.192309180E-03 
        79  1.201024861E-03  8.833278553E-04  8.838161849E-04  1.195936268E-03 
        80 -2.521842485E-03  5.716381202E-05  7.110491468E-05 -2.524064784E-03 
        81 -2.624877729E-03  5.482551933E-05  6.600393607E-05 -2.626677037E-03 
        82 -2.727397718E-03  5.323704318E-05  5.825507198E-05 -2.727486420E-03 
        83 -2.827953547E-03  5.243160922E-05  4.912679422E-05 -2.825656849E-03 
        84 -2.924198983E-03  5.214916018E-05  4.152960011E-05 -2.921255581E-03 
        85 -3.017113777E-03  4.616100341E-05  4.077177812E-05 -3.017093035E-03 
        86 -3.114640247E-03  2.045093606E-05  4.724476742E-05 -3.112842704E-03 
        87 -3.167019458E-03  3.257160017E-07  5.527762229E-05 -3.210920916E-03 
        88 -4.630330950E-03  2.292934732E-05  5.666467444E-05 -4.629023667E-03 
        89 -4.697773140E-03  2.292934732E-05  6.050692886E-05 -4.730923795E-03 
        90  1.346598263E-03  1.581403194E-03  1.585662596E-03  1.351178768E-03 
        91  1.395613770E-03  1.557550160E-03  1.561072749E-03  1.396691022E-03 
        92  1.413589111E-03  1.532822615E-03  1.539287077E-03  1.429685494E-03 
        93  1.426012721E-03  1.513559720E-03  1.503808583E-03  1.418157778E-03 
        94  1.444913796E-03  1.495591714E-03  1.508124257E-03  1.449609407E-03 
        95  1.461828011E-03  1.484483364E-03  1.468011635E-03  1.455797878E-03 
        96  1.486254740E-03  1.469422365E-03  1.476445373E-03  1.488435351E-03 
        97  1.508163055E-03  1.455863356E-03  1.432953756E-03  1.498360337E-03 
        98  1.535725314E-03  1.433995669E-03  1.445421973E-03  1.542832394E-03 
        99  1.559904544E-03  1.396610751E-03  1.391879972E-03  1.545105238E-03 
       100  1.565845567E-03  1.368180849E-03  1.387273794E-03  1.588471777E-03 
       101  1.566395862E-03  1.353997621E-03  1.337127498E-03  1.594421472E-03 
       102  1.541815000E-03  1.321388758E-03  1.310434929E-03  1.546587867E-03 
       103  1.496700919E-03  1.283045160E-03  1.269417146E-03  1.501712701E-03 
       104  1.450226177E-03  1.271909336E-03  1.243020665E-03  1.446008448E-03 
       105  1.416994957E-03  1.269438071E-03  1.305999765E-03  1.432948873E-03 
       106  1.402472961E-03  1.267251791E-03  1.302969367E-03  1.389134369E-03 
       107  1.381885260E-03  1.264619408E-03  1.257801344E-03  1.377801787E-03 
       108  1.350314589E-03  1.257880009E-03  1.255215304E-03  1.349517189E-03 
       109  1.328886952E-03  1.210891758E-03  1.213875954E-03  1.331731353E-03 
       110  1.343113254E-03  1.176981139E-03  1.177305411E-03  1.319426226E-03 
       111  1.327900449E-03  1.122419024E-03  1.121460403E-03  1.303155500E-03 
       112  1.281559467E-03  1.058011316E-03  1.058878145E-03  1.284059184E-03 
       113  1.252375427E-03  9.979655733E-04  9.986381527E-04  1.266554976E-03 
       114  1.244415995E-03  9.614586597E-04  9.597548373E-04  1.265463167E-03 
       115  1.221522689E-03  9.286304703E-04  9.293720252E-04  1.220680106E-03 
       116  1.498934580E-03  6.671581650E-04  6.843850922E-04  1.496169854E-03 
       117  1.563001308E-03  6.533426349E-04  6.649546995E-04  1.563681164E-03 
       118  1.611614716E-03  6.409159396E-04  6.581511240E-04  1.619768255E-03 
       119  1.140821143E-03  1.705507515E-03  1.701518726E-03  1.097916249E-03 
       120  1.132914680E-03  1.732700737E-03  1.748211226E-03  1.154960487E-03 
       121  1.143493224E-03  1.789170434E-03  1.809861486E-03  1.115217514E-03 
       122  1.197829493E-03  1.832099981E-03  1.838381267E-03  1.193961290E-03 
       123  1.268542605E-03  1.855338342E-03  1.856961563E-03  1.267478446E-03 
       124  1.330699655E-03  1.874017995E-03  1.867500230E-03  1.331326106E-03 
       125  1.369076315E-03  1.891384134E-03  1.871273436E-03  1.376826709E-03 
       126  1.395227970E-03  1.905018347E-03  1.927677695E-03  1.391665935E-03 
       127  1.433629310E-03  1.919773873E-03  1.915664079E-03  1.434807790E-03 
       128  1.483286032E-03  1.935603097E-03  1.940247493E-03  1.479767767E-03 
       129  1.530292793E-03  1.932113781E-03  1.942136120E-03  1.535649528E-03 
       130  1.701547531E-03  1.973672071E-03  1.973460428E-03  1.707257894E-03 
       131  1.733944635E-03  1.925442833E-03  1.917593129E-03  1.718751741E-03 
       132  1.772773219E-03  1.894978806E-03  1.918706403E-03  1.794287453E-03 
       133  1.783783897E-03  1.874572481E-03  1.863749889E-03  1.819154601E-03 
       134  1.773403026E-03  1.838835422E-03  1.838402497E-03  1.774485517E-03 
       135  1.747228322E-03  1.809137757E-03  1.806662425E-03  1.750959794E-03 
       136  1.722517656E-03  1.801396604E-03  1.823944263E-03  1.705748553E-03 
       137  1.699705957E-03  1.793609699E-03  1.782133242E-03  1.704231979E-03 
       138  1.660053269E-03  1.785170287E-03  1.782199968E-03  1.660432579E-03 
       139  8.640912129E-04  1.889787498E-03  1.912714690E-03  8.478213595E-04 
       140  9.149479447E-04  1.888396800E-03  1.906070019E-03  9.149439262E-04 
       141  9.689718718E-04  1.867719577E-03  1.891638275E-03  9.962546383E-04 
       142  9.663525852E-04  1.848264481E-03  1.820171026E-03  9.838060608E-04 
       143  9.119911119E-04  1.854591654E-03  1.846867949E-03  9.118974599E-04 
       144  8.637536666E-04  1.875437563E-03  1.864680410E-03  8.495539732E-04 
       145  5.118955160E-04  1.988960197E-03  1.972141317E-03  5.472809736E-04 
       146  4.856844025E-04  1.966151875E-03  1.974844604E-03  4.631898431E-04 
       147  4.414503346E-04  1.930659753E-03  1.926672699E-03  4.543770204E-04 
       148  4.105798726E-04  1.896126312E-03  1.912972231E-03  3.935666735E-04 
       149  3.937637375E-04  1.859791577E-03  1.859741076E-03  3.878779436E-04 
       150  3.623655066E-04  1.817448880E-03  1.815530276E-03  3.660791114E-04 
       151  3.321149270E-04  1.792842872E-03  1.778576375E-03  3.562106028E-04 
       152  2.935996163E-04  1.784170861E-03  1.775497366E-03  2.941201200E-04 
       153  2.421325771E-04  1.791612478E-03  1.779225650E-03  2.401065689E-04 
       154  1.944887626E-04  1.802631188E-03  1.780499494E-03  1.843295540E-04 
       155  1.570431632E-04  1.808540546E-03  1.827176184E-03  1.726120209E-04 
       156  1.127449650E-04  1.818712335E-03  1.817677128E-03  1.132435071E-04 
       157  6.929340452E-05  1.827860600E-03  1.805967332E-03  5.749661979E-05 
       158  3.122116323E-05  1.840160112E-03  1.856895194E-03  3.873604122E-05 
       159 -3.548300447E-05  1.853599679E-03  1.837239083E-03 -2.807587275E-05 
       160 -8.193126996E-05  1.856858842E-03  1.799108044E-03 -1.026290357E-04 
       161 -1.317847491E-04  1.863761456E-03  1.883818147E-03 -1.349995385E-04 
       162 -2.357406192E-04  1.868915046E-03  1.860738437E-03 -2.355958718E-04 
       163 -3.499384911E-04  1.870055567E-03  1.840478751E-03 -3.480552224E-04 
       164 -4.378925369E-04  1.874877606E-03  1.821449334E-03 -4.602820078E-04 
       165 -4.934341996E-04  1.883976744E-03  1.937868019E-03 -4.625970964E-04 
       166 -5.694112042E-04  1.895849360E-03  1.933420872E-03 -5.677151537E-04 
       167 -6.748726009E-04  1.902196556E-03  1.931035804E-03 -6.720340127E-04 
       168 -7.794737467E-04  1.906238729E-03  1.929621388E-03 -7.762373276E-04 
       169 -8.841834497E-04  1.910574967E-03  1.929185365E-03 -8.805429480E-04 
       170 -9.894118411E-04  1.913380460E-03  1.931300447E-03 -9.845805923E-04 
       171 -1.095957705E-03  1.912297332E-03  1.936006340E-03 -1.087852054E-03 
       172 -1.197292586E-03  1.902277232E-03  1.943793790E-03 -1.188405186E-03 
       173 -1.251235255E-03  1.894157147E-03  1.829368103E-03 -1.233805673E-03 
       174 -1.305717044E-03  1.893120818E-03  1.852236959E-03 -1.322700402E-03 
       175 -1.395054278E-03  1.892040018E-03  1.874523444E-03 -1.398003815E-03 
       176 -1.476727193E-03  1.895857742E-03  1.874830866E-03 -1.474881274E-03 
       177 -1.541191130E-03  1.900787582E-03  1.850798777E-03 -1.553051966E-03 
       178 -1.590562286E-03  1.910222694E-03  1.951318214E-03 -1.572415930E-03 
