cellnumber     x-coordinate     y-coordinate     y-coordinate     x-coordinate 
         1 -4.895260092E-03  1.544562401E-03  1.555650377E-03 -4.876220165E-03 
         2 -4.784866236E-03  1.447329880E-03  1.455081039E-03 -4.775264119E-03 
         3 -4.701095633E-03  1.348913764E-03  1.379873922E-03 -4.628630868E-03 
         4 -4.654629622E-03  1.200577128E-03  1.201696652E-03 -4.652145672E-03 
         5 -4.650844261E-03  9.838647675E-04  9.839778418E-04 -4.647044933E-03 
         6 -4.701457918E-03  8.347284165E-04  7.819549564E-04 -4.651997073E-03 
         7 -4.767056555E-03  7.441486232E-04  7.942485114E-04 -4.810469578E-03 
         8 -4.843157250E-03  6.572811981E-04  6.079157549E-04 -4.813900291E-03 
         9 -4.938915838E-03  5.757814506E-04  6.187289474E-04 -4.956766110E-03 
        10 -5.008132663E-03  5.211234093E-04  4.654644408E-04 -4.956779294E-03 
        11 -5.085684359E-03  4.649761831E-04  4.681654783E-04 -5.087286010E-03 
        12 -5.171141122E-03  4.069113638E-04  4.572464465E-04 -5.222150643E-03 
        13 -5.230769049E-03  3.610486165E-04  3.244500904E-04 -5.199479108E-03 
        14 -5.326477345E-03  3.030559747E-04  3.010860636E-04 -5.325380697E-03 
        15 -6.488173269E-03  1.999562606E-03  1.943884588E-03 -6.546492771E-03 
        16 -6.484675687E-03  1.999562606E-03  1.940514493E-03 -6.446167279E-03 
        17 -6.230826490E-03  1.982359914E-03  1.942084476E-03 -6.241432963E-03 
        18 -6.136910524E-03  1.956723165E-03  1.944167968E-03 -6.138718099E-03 
        19 -6.035890430E-03  1.944547403E-03  1.948080179E-03 -6.036384771E-03 
        20 -5.939867813E-03  1.937211957E-03  1.952643376E-03 -5.937578608E-03 
        21 -5.845138337E-03  1.934555243E-03  1.950483939E-03 -5.840505752E-03 
        22 -5.746044684E-03  1.933145104E-03  1.944291145E-03 -5.741907226E-03 
        23 -5.644885823E-03  1.922664116E-03  1.936661234E-03 -5.640823781E-03 
        24 -5.545636639E-03  1.889075036E-03  1.932288155E-03 -5.536746068E-03 
        25 -5.496001337E-03  1.863534679E-03  1.799469955E-03 -5.559921924E-03 
        26 -5.440080073E-03  1.846255618E-03  1.795993062E-03 -5.445236497E-03 
        27 -5.328599829E-03  1.815911499E-03  1.798247122E-03 -5.329769660E-03 
        28 -5.224830005E-03  1.776376390E-03  1.806866697E-03 -5.215519503E-03 
        29 -5.161289126E-03  1.741241664E-03  1.684082702E-03 -5.197630988E-03 
        30 -5.093806423E-03  1.695189858E-03  1.709263963E-03 -5.079481410E-03 
        31 -5.005018786E-03  1.624886529E-03  1.600032251E-03 -5.040464477E-03 
        32 -4.956471268E-03  1.585924765E-03  1.641118942E-03 -4.942086834E-03 
        33 -6.704225671E-03  1.699255336E-05  6.322564647E-05 -6.739235961E-03 
        34 -6.640759297E-03  4.282231748E-05  5.527185840E-05 -6.640630413E-03 
        35 -6.544486620E-03  5.146964395E-05  4.872757658E-05 -6.545017618E-03 
        36 -6.448635366E-03  4.981487291E-05  4.874166777E-05 -6.448031453E-03 
        37 -6.349570584E-03  4.853487189E-05  5.285901885E-05 -6.349655635E-03 
        38 -6.248297635E-03  4.768587678E-05  5.797063282E-05 -6.249329998E-03 
        39 -6.145446561E-03  4.520721632E-05  6.211032921E-05 -6.147200541E-03 
        40 -6.042172201E-03  4.494772656E-05  6.627403822E-05 -6.043387808E-03 
        41 -5.938612856E-03  5.274155410E-05  6.868406450E-05 -5.938978828E-03 
        42 -5.832615774E-03  8.235424320E-05  6.710090730E-05 -5.834726738E-03 
        43 -5.766096525E-03  1.146977229E-04  6.005380669E-05 -5.732217633E-03 
        44 -5.708592013E-03  1.438930631E-04  1.825888363E-04 -5.715459715E-03 
        45 -5.630130414E-03  1.852672576E-04  1.570969660E-04 -5.618598688E-03 
        46 -5.561182275E-03  2.228900412E-04  2.581640819E-04 -5.578051527E-03 
        47 -5.506688263E-03  2.434450435E-04  2.065928458E-04 -5.502838823E-03 
        48 -5.437294953E-03  2.618598810E-04  2.585098211E-04 -5.430574435E-03 
