cellnumber     x-coordinate     y-coordinate     y-coordinate     x-coordinate 
         1 -4.601327702E-03  1.983141527E-03  1.941195501E-03 -4.618455788E-03 
         2 -4.516453948E-03  1.958182547E-03  1.936762355E-03 -4.517952941E-03 
         3 -4.447842482E-03  1.975041116E-03  1.933136697E-03 -4.416522146E-03 
         4 -3.765046364E-03  1.987871714E-03  1.938266303E-03 -3.804586373E-03 
         5 -3.703837749E-03  1.971978229E-03  1.940709876E-03 -3.705521991E-03 
         6 -3.603811609E-03  1.972562866E-03  1.941697752E-03 -3.607061421E-03 
         7 -3.501893952E-03  1.985797891E-03  1.938766576E-03 -3.509147931E-03 
         8 -3.399622859E-03  1.986716408E-03  1.932905906E-03 -3.406640362E-03 
         9 -3.298242111E-03  1.965198899E-03  1.937228295E-03 -3.300266113E-03 
        10 -3.200858366E-03  1.949446625E-03  1.943163964E-03 -3.201366508E-03 
        11 -3.104716772E-03  1.944960677E-03  1.941788315E-03 -3.105180951E-03 
        12 -3.005699255E-03  1.940208720E-03  1.939727861E-03 -3.005310109E-03 
        13 -2.905110596E-03  1.937070512E-03  1.935561470E-03 -2.904892689E-03 
        14 -2.802214585E-03  1.935983426E-03  1.932500257E-03 -2.802616471E-03 
        15 -2.699303906E-03  1.935252803E-03  1.932111083E-03 -2.699786421E-03 
        16  4.107993736E-04  8.052869816E-04  8.117986553E-04  4.429946952E-04 
        17  4.070187861E-04  7.716118707E-04  7.643384515E-04  4.299595592E-04 
        18  3.924092453E-04  7.398113376E-04  7.545210465E-04  3.646647098E-04 
        19  3.775258083E-04  7.156409556E-04  7.107555701E-04  3.787401718E-04 
        20  3.494301636E-04  6.919382140E-04  6.820592953E-04  3.583186134E-04 
        21  3.237691417E-04  6.750044413E-04  6.897420585E-04  3.052172729E-04 
        22  3.180309723E-04  6.451850641E-04  6.460696967E-04  3.034820744E-04 
        23  3.224131942E-04  5.929737817E-04  5.930236053E-04  3.105526311E-04 
        24  3.141098423E-04  5.391273880E-04  5.407125503E-04  3.103454742E-04 
        25 -1.014547073E-03  1.557285432E-04  1.977556957E-04 -1.019009077E-03 
        26 -9.049678920E-04  1.507660781E-04  1.984103759E-04 -9.069970064E-04 
        27 -7.960058865E-04  1.468051050E-04  1.938604447E-04 -7.950795716E-04 
        28 -6.883819588E-04  1.431878627E-04  1.869981581E-04 -6.853314307E-04 
        29 -5.817780038E-04  1.400954061E-04  1.774708527E-04 -5.775250902E-04 
        30 -4.741377488E-04  1.380824542E-04  1.637269837E-04 -4.703043525E-04 
        31 -3.713355691E-04  1.341699244E-04  1.461014197E-04 -3.694341506E-04 
        32 -2.729386906E-04  1.329188817E-04  1.281231806E-04 -2.752816664E-04 
        33 -2.029627794E-04  1.420549816E-04  1.108253011E-04 -1.840752402E-04 
        34 -1.517411583E-04  1.552947797E-04  1.824621522E-04 -1.631405136E-04 
        35 -9.745072020E-05  1.722759480E-04  1.562393313E-04 -8.961924719E-05 
        36 -5.717351087E-05  1.910047285E-04  2.123700023E-04 -6.462238771E-05 
        37 -2.328625305E-05  2.079120604E-04  1.926155920E-04 -1.566857720E-05 
        38  3.701218930E-06  2.210242092E-04  2.434095601E-04 -1.585580551E-05 
        39  4.375930075E-05  2.311793942E-04  2.417783347E-04  4.495860527E-05 
        40  9.502340981E-05  2.511034836E-04  2.489255570E-04  9.405898740E-05 
        41  1.463187073E-04  2.757797192E-04  2.612232281E-04  1.468732097E-04 
        42  1.779585727E-04  2.871132456E-04  3.170114107E-04  1.459779888E-04 
        43  2.045367146E-04  2.970612550E-04  3.186113753E-04  2.043239442E-04 
        44  2.453459310E-04  3.261278034E-04  3.126952942E-04  2.571245485E-04 
        45  2.698608150E-04  3.708279983E-04  3.705135307E-04  2.584313260E-04 
        46  2.793847525E-04  4.004523798E-04  4.267432981E-04  2.594724185E-04 
        47  2.873159829E-04  4.320245935E-04  4.283469212E-04  3.021725996E-04 
        48  2.995592949E-04  4.875683808E-04  4.881686334E-04  3.016081058E-04 
        49 -2.420006786E-03  6.843741721E-05  7.332680564E-05 -2.420594786E-03 
        50 -2.316378755E-03  7.121466479E-05  7.311501499E-05 -2.316820890E-03 
        51 -2.213040367E-03  7.479185297E-05  7.043852328E-05 -2.213196658E-03 
        52 -2.110785339E-03  8.043517300E-05  6.674919455E-05 -2.110809722E-03 
        53 -2.009387594E-03  9.149347898E-05  6.249115734E-05 -2.009269490E-03 
        54 -1.928325626E-03  1.082151357E-04  5.855735120E-05 -1.909155614E-03 
        55 -1.880794880E-03  1.192427953E-04  1.705042031E-04 -1.912329067E-03 
        56 -1.814874238E-03  1.273133530E-04  1.639647349E-04 -1.816655033E-03 
        57 -1.717388397E-03  1.401116606E-04  1.637208916E-04 -1.719440979E-03 
        58 -1.618441078E-03  1.510331495E-04  1.642989390E-04 -1.619670736E-03 
        59 -1.520716003E-03  1.598277449E-04  1.628884477E-04 -1.521335975E-03 
        60 -1.426513772E-03  1.669554040E-04  1.617335276E-04 -1.426165312E-03 
        61 -1.330610248E-03  1.687623881E-04  1.668645453E-04 -1.329549773E-03 
        62 -1.229406218E-03  1.665607997E-04  1.792718652E-04 -1.230890175E-03 
        63 -1.123462105E-03  1.619640680E-04  1.909506707E-04 -1.127491208E-03 
        64 -2.597219078E-03  1.934526255E-03  1.933004749E-03 -2.597631251E-03 
        65 -2.495188499E-03  1.933517400E-03  1.934575948E-03 -2.495273050E-03 
        66 -2.393234521E-03  1.931553590E-03  1.936099255E-03 -2.392953671E-03 
        67 -2.290189033E-03  1.929615624E-03  1.936053435E-03 -2.289587949E-03 
        68 -2.185870660E-03  1.928959158E-03  1.934468811E-03 -2.185353151E-03 
        69 -2.081462415E-03  1.928248908E-03  1.932282097E-03 -2.081243068E-03 
        70 -1.977276523E-03  1.926167402E-03  1.931099759E-03 -1.977459928E-03 
        71 -1.873133588E-03  1.920750714E-03  1.931720263E-03 -1.874312453E-03 
        72 -1.767120440E-03  1.906085177E-03  1.935050064E-03 -1.771475459E-03 
        73 -1.698901178E-03  1.888190396E-03  1.942464568E-03 -1.670585838E-03 
        74 -1.644910662E-03  1.875810907E-03  1.825174706E-03 -1.645199728E-03 
        75 -2.523615258E-03  6.640310312E-05  7.110491468E-05 -2.524064784E-03 
        76 -2.627609298E-03  6.608521653E-05  6.600393607E-05 -2.626677037E-03 
        77 -2.732285531E-03  7.050514978E-05  5.825507198E-05 -2.727486420E-03 
        78 -2.823982155E-03  8.444822015E-05  4.912679422E-05 -2.825656849E-03 
        79 -2.876284067E-03  9.503339243E-05  1.519967680E-04 -2.860687855E-03 
        80 -2.932579489E-03  9.524737834E-05  1.245868552E-04 -2.938612863E-03 
        81 -3.018189920E-03  9.171001147E-05  1.214414492E-04 -3.016459697E-03 
        82 -3.061794210E-03  8.840805822E-05  1.454524803E-04 -3.098442181E-03 
        83 -3.110660240E-03  7.611227920E-05  4.724476742E-05 -3.112842704E-03 
        84 -3.209392773E-03  5.830967712E-05  5.527762229E-05 -3.210920916E-03 
        85 -3.313000547E-03  4.074241588E-05  6.199954715E-05 -3.311930414E-03 
        86 -3.410201753E-03  1.438077470E-05  6.462525821E-05 -3.415662322E-03 
        87 -3.626743099E-03  8.679836355E-06  5.980250934E-05 -3.623612789E-03 
        88 -3.721914720E-03  2.177274837E-05  5.360691041E-05 -3.723738008E-03 
        89 -3.821862396E-03  2.588649113E-05  5.102335929E-05 -3.822366682E-03 
        90 -3.892771900E-03  1.279357821E-05  5.225894635E-05 -3.921222529E-03 
        91 -4.761046730E-03  2.778334965E-05  6.050692886E-05 -4.730923795E-03 
        92 -4.832142964E-03  4.955951954E-05  6.405840120E-05 -4.833593435E-03 
        93 -4.898884334E-03  2.177616989E-05  6.643712700E-05 -4.937359311E-03 
        94  6.258823560E-04  1.711707679E-03  1.720291126E-03  6.103951007E-04 
        95  6.453095702E-04  1.620821655E-03  1.601744539E-03  6.433062686E-04 
        96  6.917783176E-04  1.595216570E-03  1.595874658E-03  6.958460265E-04 
        97  7.404708886E-04  1.888812054E-03  1.869922935E-03  7.469520074E-04 
        98  7.556448109E-04  1.897679758E-03  1.916538659E-03  7.319315390E-04 
        99  7.811062969E-04  1.919385628E-03  1.917288781E-03  7.843240008E-04 
       100  8.049144526E-04  1.946425415E-03  1.969985588E-03  7.705550574E-04 
       101  8.127873298E-04  1.976528903E-03  1.970124395E-03  8.346080369E-04 
       102  5.148678320E-04  9.654533933E-04  9.622073214E-04  5.140894012E-04 
       103  5.443661357E-04  9.829804767E-04  9.630086619E-04  5.649532029E-04 
       104  5.664814962E-04  1.015017275E-03  1.015258529E-03  5.694959381E-04 
       105  5.926389131E-04  1.067941892E-03  1.069533902E-03  5.733797247E-04 
       106  6.029985962E-04  1.115983119E-03  1.116508273E-03  5.833932977E-04 
       107  5.899412208E-04  1.147354953E-03  1.166535547E-03  5.979226302E-04 
       108  5.028356682E-04  1.274870592E-03  1.292320640E-03  4.979685712E-04 
       109  5.463910638E-04  1.269676839E-03  1.280962618E-03  5.501132105E-04 
       110  5.983999581E-04  1.278943266E-03  1.271248050E-03  5.965182483E-04 
       111  6.309811724E-04  1.297310926E-03  1.267464370E-03  6.464974003E-04 
       112  6.634728052E-04  1.324550482E-03  1.324076700E-03  6.660981827E-04 
       113  7.007641834E-04  1.384387375E-03  1.385539431E-03  6.792620238E-04 
       114  7.093059830E-04  1.420888817E-03  1.391046478E-03  7.346388546E-04 
       115  7.171245525E-04  1.452760189E-03  1.453170453E-03  7.352095301E-04 
       116  7.341481396E-04  1.503113424E-03  1.503494004E-03  7.466667483E-04 
       117  7.372818072E-04  1.534711104E-03  1.544278737E-03  7.563206002E-04 
       118  7.244044682E-04  1.561928191E-03  1.552910511E-03  6.988283888E-04 
       119  4.644096189E-04  1.975280233E-03  1.974844604E-03  4.631898431E-04 
       120  4.247662728E-04  1.936091692E-03  1.926672699E-03  4.543770204E-04 
       121  4.064712848E-04  1.903367462E-03  1.912972231E-03  3.935666735E-04 
       122  3.941527102E-04  1.859439188E-03  1.859741076E-03  3.878779436E-04 
       123  3.743188281E-04  1.816686708E-03  1.815530276E-03  3.660791114E-04 
       124  3.559014003E-04  1.777784200E-03  1.778576375E-03  3.562106028E-04 
       125  3.386435856E-04  1.747788396E-03  1.735704094E-03  3.579512734E-04 
       126  3.092201950E-04  1.746205846E-03  1.731394296E-03  2.963214238E-04 
       127  2.789171122E-04  1.761567546E-03  1.775497366E-03  2.941201200E-04 
       128  2.416152274E-04  1.782488311E-03  1.779225650E-03  2.401065689E-04 
       129  1.859327167E-04  1.798191923E-03  1.780499494E-03  1.843295540E-04 
       130  1.492755400E-04  1.803219435E-03  1.827176184E-03  1.726120209E-04 
       131  1.144866183E-04  1.811242779E-03  1.817677128E-03  1.132435071E-04 
       132  5.367032281E-05  1.819669968E-03  1.805967332E-03  5.749661979E-05 
       133  1.958561006E-05  1.822872669E-03  1.856895194E-03  3.873604122E-05 
       134 -2.560467692E-05  1.831778674E-03  1.837239083E-03 -2.807587275E-05 
       135 -1.155678256E-04  1.834535040E-03  1.799108044E-03 -1.026290357E-04 
       136 -2.247184748E-04  1.814632444E-03  1.763005685E-03 -2.091987439E-04 
       137 -3.415136016E-04  1.782753156E-03  1.737121202E-03 -3.367557281E-04 
       138 -4.562914837E-04  1.752434066E-03  1.710177380E-03 -4.540709880E-04 
       139 -5.740171182E-04  1.730527263E-03  1.685899961E-03 -5.732873532E-04 
       140 -6.906390772E-04  1.720682485E-03  1.667847002E-03 -6.926314843E-04 
       141 -7.699048147E-04  1.721420093E-03  1.656712271E-03 -8.141139273E-04 
       142 -8.260305622E-04  1.733923913E-03  1.790760351E-03 -7.968246720E-04 
       143 -9.157540626E-04  1.759274397E-03  1.790070130E-03 -9.093602063E-04 
       144 -1.024427940E-03  1.785832574E-03  1.796283957E-03 -1.021157300E-03 
       145 -1.131790224E-03  1.808261615E-03  1.809803006E-03 -1.130717216E-03 
       146 -1.235966105E-03  1.826443477E-03  1.829368103E-03 -1.233805673E-03 
       147 -1.333713648E-03  1.823998988E-03  1.852236959E-03 -1.322700402E-03 
       148 -1.382831484E-03  1.814394258E-03  1.761173789E-03 -1.376093108E-03 
       149 -1.431985991E-03  1.820632839E-03  1.805742876E-03 -1.440477852E-03 
       150 -1.490725670E-03  1.834292896E-03  1.874830866E-03 -1.474881274E-03 
       151 -1.553843380E-03  1.856222749E-03  1.850798777E-03 -1.553051966E-03 
