cellnumber     x-coordinate     y-coordinate     y-coordinate     x-coordinate 
         1 -4.721982870E-03  1.906083082E-03  1.945594745E-03 -4.718454719E-03 
         2 -4.622131120E-03  1.907605911E-03  1.941195501E-03 -4.618455788E-03 
         3 -4.522603471E-03  1.893122680E-03  1.936762355E-03 -4.517952941E-03 
         4 -4.459884949E-03  1.874742331E-03  1.933136697E-03 -4.416522146E-03 
         5 -4.409582354E-03  1.858443022E-03  1.797647946E-03 -4.429016043E-03 
         6 -4.320240580E-03  1.835193019E-03  1.792723670E-03 -4.323207242E-03 
         7 -4.215322435E-03  1.811664319E-03  1.794125837E-03 -4.216180712E-03 
         8 -4.109919537E-03  1.792496420E-03  1.798024719E-03 -4.110175632E-03 
         9 -4.008562304E-03  1.760583720E-03  1.802305617E-03 -4.005445002E-03 
        10 -3.955361899E-03  1.736688544E-03  1.667676903E-03 -3.999457579E-03 
        11 -3.898514668E-03  1.719591673E-03  1.672828234E-03 -3.894356398E-03 
        12 -3.793355776E-03  1.679991838E-03  1.681510245E-03 -3.794299263E-03 
        13 -3.721449524E-03  1.644288655E-03  1.695610767E-03 -3.698603814E-03 
        14 -3.659747541E-03  1.611894346E-03  1.557225594E-03 -3.664867491E-03 
        15 -3.547887085E-03  1.547612483E-03  1.592142604E-03 -3.541097551E-03 
        16 -3.458178602E-03  1.484588021E-03  1.401004979E-03 -3.501411735E-03 
        17 -3.364812583E-03  1.381603535E-03  1.416834299E-03 -3.338769042E-03 
        18 -3.268818604E-03  1.191729913E-03  1.192784425E-03 -3.323561050E-03 
        19 -3.271112451E-03  9.682484088E-04  9.647612114E-04 -3.312884345E-03 
        20 -3.475590609E-03  6.654713652E-04  7.712934869E-04 -3.539878169E-03 
        21 -3.331951331E-03  7.978971116E-04  7.585341475E-04 -3.283911667E-03 
        22 -3.409924218E-03  7.170637837E-04  7.053705023E-04 -3.399912811E-03 
        23 -3.559403121E-03  5.902887206E-04  5.725034773E-04 -3.548979159E-03 
        24 -3.693359671E-03  4.965195549E-04  5.601726403E-04 -3.722353444E-03 
        25 -3.783569671E-03  4.403923231E-04  4.063746512E-04 -3.690066537E-03 
        26 -3.813686315E-03  4.249005578E-04  3.436101291E-04 -3.820011096E-03 
        27 -3.911943641E-03  3.890575899E-04  4.113336370E-04 -3.939257317E-03 
        28 -4.020206165E-03  3.443472378E-04  2.890524311E-04 -3.988128188E-03 
        29 -4.103263374E-03  3.168493568E-04  3.093989089E-04 -4.104616550E-03 
        30 -4.218996037E-03  2.845732670E-04  3.094673853E-04 -4.219473331E-03 
        31 -4.326334223E-03  2.523866424E-04  2.998572884E-04 -4.329756886E-03 
        32 -4.427822772E-03  2.255599247E-04  2.808978991E-04 -4.434007076E-03 
        33 -4.504438490E-03  2.110677015E-04  2.521377413E-04 -4.528570380E-03 
        34 -4.553731065E-03  2.020176908E-04  1.589686265E-04 -4.525828870E-03 
        35 -4.627828486E-03  1.742734894E-04  1.616752654E-04 -4.629131117E-03 
        36 -4.725221079E-03  1.371280669E-04  1.772254117E-04 -4.732403490E-03 
        37 -4.777595401E-03  1.184562716E-04  6.050692886E-05 -4.730923795E-03 
        38 -4.834868014E-03  9.556273289E-05  6.405840120E-05 -4.833593435E-03 
        39 -4.937709309E-03  7.260561688E-05  6.643712700E-05 -4.937359311E-03 
        40 -5.041349214E-03  6.498979201E-05  6.693967668E-05 -5.041680553E-03 
        41 -5.145092029E-03  6.084417691E-05  6.473279037E-05 -5.145436630E-03 
        42 -5.248705857E-03  5.903302372E-05  5.901185833E-05 -5.247603241E-03 
        43 -5.992370192E-03  1.990590245E-03  1.948080179E-03 -6.036384771E-03 
        44 -5.934239831E-03  1.975825289E-03  1.952643376E-03 -5.937578608E-03 
        45 -5.835200660E-03  1.974385232E-03  1.950483939E-03 -5.840505752E-03 
        46 -5.738984328E-03  1.989150187E-03  1.944291145E-03 -5.741907226E-03 
        47 -5.419458728E-03  1.980774105E-03  1.930799866E-03 -5.431590773E-03 
        48 -5.324550904E-03  1.952434308E-03  1.931409215E-03 -5.326042501E-03 
        49 -5.220819730E-03  1.941107330E-03  1.934327000E-03 -5.221331158E-03 
        50 -5.117298104E-03  1.934588188E-03  1.938990709E-03 -5.118253907E-03 
        51 -5.016072188E-03  1.921736985E-03  1.944484711E-03 -5.017463170E-03 
        52 -4.920723848E-03  1.905320329E-03  1.948290908E-03 -4.918495029E-03 
        53 -4.873263184E-03  1.897363574E-03  1.850246914E-03 -4.917136210E-03 
        54 -4.865658004E-03  1.897299662E-03  1.848904220E-03 -4.824341183E-03 
        55 -4.815932363E-03  1.899581635E-03  1.948353827E-03 -4.818912674E-03 
        56 -5.691146012E-03  4.491897926E-06  6.005380669E-05 -5.732217633E-03 
        57 -5.634122062E-03  2.950471571E-05  5.134376603E-05 -5.633311034E-03 
        58 -5.537680816E-03  5.376286208E-05  4.459777306E-05 -5.537449764E-03 
        59 -5.445121787E-03  5.843518011E-05  4.492314267E-05 -5.441885650E-03 
        60 -5.349298939E-03  5.900994802E-05  5.082560188E-05 -5.345947182E-03 
