cellnumber     x-coordinate     y-coordinate     y-coordinate     x-coordinate 
         1 -5.036510993E-03  1.131154364E-03  1.130713775E-03 -5.038551626E-03 
         2 -5.045995582E-03  9.781562258E-04  9.631392288E-04 -4.991729604E-03 
         3 -5.076794419E-03  8.886128780E-04  9.152959660E-04 -5.163357315E-03 
         4 -5.133745726E-03  7.869229303E-04  7.698955190E-04 -5.115080831E-03 
         5 -5.199026316E-03  6.975108990E-04  7.411383106E-04 -5.259267181E-03 
         6 -5.263936706E-03  6.228073034E-04  5.997411662E-04 -5.242738207E-03 
         7 -5.360548850E-03  5.267446977E-04  5.753470965E-04 -5.412148703E-03 
         8 -5.439578090E-03  4.523874377E-04  4.264681494E-04 -5.379978385E-03 
         9 -6.616394967E-03  1.997139538E-03  1.945437433E-03 -6.647916601E-03 
        10 -6.568697281E-03  1.997139538E-03  1.943884588E-03 -6.546492771E-03 
        11 -6.410329137E-03  1.996138832E-03  1.940514493E-03 -6.446167279E-03 
        12 -6.338330451E-03  1.976921223E-03  1.941039642E-03 -6.343202304E-03 
        13 -6.239504553E-03  1.955134561E-03  1.942084476E-03 -6.241432963E-03 
        14 -6.138191558E-03  1.944397227E-03  1.944167968E-03 -6.138718099E-03 
        15 -6.037537474E-03  1.923357020E-03  1.948080179E-03 -6.036384771E-03 
        16 -5.984301679E-03  1.903967117E-03  1.952643376E-03 -5.937578608E-03 
        17 -5.942461547E-03  1.889284467E-03  1.858889948E-03 -5.948303515E-03 
        18 -5.861639511E-03  1.869488042E-03  1.853985312E-03 -5.862772109E-03 
        19 -5.770583171E-03  1.850898145E-03  1.826236364E-03 -5.777403837E-03 
        20 -5.668691825E-03  1.826126711E-03  1.808539634E-03 -5.673749247E-03 
        21 -5.561073776E-03  1.788645168E-03  1.799469955E-03 -5.559921924E-03 
        22 -5.487962160E-03  1.747834031E-03  1.795993062E-03 -5.445236497E-03 
        23 -5.430905614E-03  1.702210284E-03  1.665005591E-03 -5.456116609E-03 
        24 -5.357551388E-03  1.639879658E-03  1.668135092E-03 -5.326683176E-03 
        25 -5.276774988E-03  1.548544853E-03  1.542027709E-03 -5.318448752E-03 
        26 -5.230420735E-03  1.489994698E-03  1.410217533E-03 -5.303904180E-03 
        27 -5.173292942E-03  1.432241290E-03  1.441190764E-03 -5.135017077E-03 
        28 -5.083874334E-03  1.299552503E-03  1.295824242E-03 -5.092100175E-03 
        29 -6.808253471E-03  2.175043119E-05  6.939597676E-05 -6.840962208E-03 
        30 -6.739496719E-03  4.928122871E-05  6.322564647E-05 -6.739235961E-03 
        31 -6.639639381E-03  5.666415382E-05  5.527185840E-05 -6.640630413E-03 
        32 -6.544853561E-03  5.899235475E-05  4.872757658E-05 -6.545017618E-03 
        33 -6.449551322E-03  5.664471610E-05  4.874166777E-05 -6.448031453E-03 
        34 -6.350439508E-03  5.340194184E-05  5.285901885E-05 -6.349655635E-03 
        35 -6.249934435E-03  5.777200568E-05  5.797063282E-05 -6.249329998E-03 
        36 -6.150016561E-03  8.198502474E-05  6.211032921E-05 -6.147200541E-03 
        37 -6.084341090E-03  1.154831552E-04  6.627403822E-05 -6.043387808E-03 
        38 -6.032411940E-03  1.447158720E-04  1.929737896E-04 -6.056549091E-03 
        39 -5.940193776E-03  1.786894136E-04  2.017288300E-04 -5.941438758E-03 
        40 -5.831233226E-03  2.282239584E-04  1.985639937E-04 -5.825569492E-03 
        41 -5.767657887E-03  2.656274301E-04  3.278412583E-04 -5.812848160E-03 
        42 -5.692201667E-03  3.093248815E-04  3.038818348E-04 -5.684171677E-03 
        43 -5.590968300E-03  3.705505806E-04  4.287034821E-04 -5.631771705E-03 
        44 -5.512694363E-03  4.052139120E-04  3.555822126E-04 -5.505147315E-03 
