cellnumber     x-coordinate     y-coordinate     y-coordinate     x-coordinate 
         1 -7.116761524E-03  1.983687514E-03  1.943623210E-03 -7.139969121E-03 
         2 -7.040192373E-03  1.957443077E-03  1.945684832E-03 -7.039325207E-03 
         3 -6.945348810E-03  1.923767733E-03  1.949177057E-03 -6.940937222E-03 
         4 -6.895645056E-03  1.897119335E-03  1.836387390E-03 -6.931535143E-03 
         5 -6.849966478E-03  1.857454306E-03  1.854019606E-03 -6.847794170E-03 
         6 -6.778364535E-03  1.800619299E-03  1.759265787E-03 -6.808114308E-03 
         7 -6.744789891E-03  1.779485261E-03  1.850163092E-03 -6.763989396E-03 
         8 -6.742830388E-03  1.778292703E-03  1.831444433E-03 -6.667983624E-03 
         9 -6.678853650E-03  1.708297292E-03  1.708223331E-03 -6.685580249E-03 
        10 -6.605394650E-03  1.619397313E-03  1.566028909E-03 -6.707789498E-03 
        11 -6.548156030E-03  1.503252191E-03  1.511120825E-03 -6.538443617E-03 
        12 -6.491634995E-03  1.382521819E-03  1.348045982E-03 -6.563514115E-03 
        13 -6.442352198E-03  1.308754436E-03  1.325927323E-03 -6.388912221E-03 
        14 -7.299634162E-03  1.422961304E-06  5.737685240E-05 -7.354071086E-03 
        15 -7.251872681E-03  3.126645606E-05  6.336323276E-05 -7.254607759E-03 
        16 -7.164566778E-03  9.859995043E-05  6.824591689E-05 -7.153025150E-03 
        17 -7.115167566E-03  1.457726903E-04  2.095751859E-04 -7.169491487E-03 
        18 -7.055618335E-03  2.174503898E-04  2.122296851E-04 -7.052837502E-03 
        19 -6.998989265E-03  2.881583350E-04  3.540082448E-04 -7.051898729E-03 
        20 -6.940850057E-03  3.551225527E-04  3.482594554E-04 -6.928854157E-03 
        21 -6.871931255E-03  4.319383297E-04  4.825752438E-04 -6.917578523E-03 
        22 -6.799688563E-03  4.952558666E-04  4.750352607E-04 -6.786704258E-03 
        23 -6.726374850E-03  5.588111817E-04  6.116238151E-04 -6.770637481E-03 
        24 -6.639073603E-03  6.285775453E-04  6.089728840E-04 -6.620994830E-03 
        25 -6.541925017E-03  7.258045953E-04  7.938154363E-04 -6.616283816E-03 
        26 -6.469702348E-03  8.224595222E-04  7.587672534E-04 -6.396100693E-03 
        27 -6.406492088E-03  9.699606453E-04  9.678471723E-04 -6.389077102E-03 
        28 -6.394926459E-03  1.162128407E-03  1.162631032E-03 -6.376574156E-03 
