cellnumber     x-coordinate     y-coordinate     y-coordinate     x-coordinate 
         1 -4.806681536E-03  1.633141655E-03  1.638889603E-03 -4.800222480E-03 
         2 -4.709341563E-03  1.565090613E-03  1.578178134E-03 -4.701847599E-03 
         3 -4.632672761E-03  1.493406948E-03  1.529913275E-03 -4.582446148E-03 
         4 -4.573056009E-03  1.410370693E-03  1.379873922E-03 -4.628630868E-03 
         5 -4.515538923E-03  1.321519143E-03  1.360951186E-03 -4.466117424E-03 
         6 -4.466917831E-03  1.187391812E-03  1.183730073E-03 -4.467946919E-03 
         7 -4.453515168E-03  9.653471643E-04  9.623946879E-04 -4.461215170E-03 
         8 -4.519676790E-03  7.900657947E-04  7.589081931E-04 -4.482366716E-03 
         9 -4.592931829E-03  7.100563380E-04  7.819549564E-04 -4.651997073E-03 
        10 -4.680651240E-03  6.234575412E-04  5.751065237E-04 -4.656015426E-03 
        11 -4.782565869E-03  5.396862398E-04  6.079157549E-04 -4.813900291E-03 
        12 -4.854634870E-03  4.902990186E-04  4.485512109E-04 -4.827757940E-03 
        13 -4.946643021E-03  4.337686405E-04  4.654644408E-04 -4.956779294E-03 
        14 -5.010170396E-03  3.944381024E-04  3.308147011E-04 -4.955415403E-03 
        15 -5.076103844E-03  3.495799610E-04  3.329794739E-04 -5.075513171E-03 
        16 -5.192078184E-03  2.873954072E-04  3.244500904E-04 -5.199479108E-03 
        17 -5.288746674E-03  2.486021258E-04  3.010860636E-04 -5.325380697E-03 
        18 -5.342280958E-03  2.252123522E-04  1.793242986E-04 -5.284524684E-03 
        19 -6.206211634E-03  1.993532293E-03  1.942084476E-03 -6.241432963E-03 
        20 -6.135384552E-03  1.970771467E-03  1.944167968E-03 -6.138718099E-03 
        21 -6.035493687E-03  1.949492493E-03  1.948080179E-03 -6.036384771E-03 
        22 -5.939206108E-03  1.941536088E-03  1.952643376E-03 -5.937578608E-03 
        23 -5.843977910E-03  1.939229202E-03  1.950483939E-03 -5.840505752E-03 
        24 -5.744076800E-03  1.940291142E-03  1.944291145E-03 -5.741907226E-03 
        25 -5.641122814E-03  1.939196954E-03  1.936661234E-03 -5.640823781E-03 
        26 -5.536994431E-03  1.931813080E-03  1.932288155E-03 -5.536746068E-03 
        27 -5.433669779E-03  1.907183439E-03  1.930799866E-03 -5.431590773E-03 
        28 -5.366713274E-03  1.876259688E-03  1.931409215E-03 -5.326042501E-03 
        29 -5.312072579E-03  1.851135865E-03  1.798247122E-03 -5.329769660E-03 
        30 -5.215619691E-03  1.825160231E-03  1.806866697E-03 -5.215519503E-03 
        31 -5.115545820E-03  1.791734248E-03  1.821575003E-03 -5.106552133E-03 
        32 -5.053999834E-03  1.764476765E-03  1.709263963E-03 -5.079481410E-03 
        33 -4.986826796E-03  1.727139461E-03  1.736516828E-03 -4.983996371E-03 
        34 -4.925809335E-03  1.689047669E-03  1.641118942E-03 -4.942086834E-03 
        35 -4.881955218E-03  1.670195838E-03  1.690932956E-03 -4.870516531E-03 
        36 -6.621178240E-03  2.321821376E-05  5.527185840E-05 -6.640630413E-03 
        37 -6.544160657E-03  4.520003495E-05  4.872757658E-05 -6.545017618E-03 
        38 -6.447467953E-03  4.169021122E-05  4.874166777E-05 -6.448031453E-03 
        39 -6.347483024E-03  3.702267350E-05  5.285901885E-05 -6.349655635E-03 
        40 -6.245542318E-03  3.143423237E-05  5.797063282E-05 -6.249329998E-03 
        41 -6.143095437E-03  2.801085429E-05  6.211032921E-05 -6.147200541E-03 
        42 -6.040939596E-03  3.065690908E-05  6.627403822E-05 -6.043387808E-03 
        43 -5.938353483E-03  4.050817734E-05  6.868406450E-05 -5.938978828E-03 
        44 -5.834281910E-03  5.556800170E-05  6.710090730E-05 -5.834726738E-03 
        45 -5.728591233E-03  8.693236305E-05  6.005380669E-05 -5.732217633E-03 
        46 -5.674859975E-03  1.107300413E-04  5.134376603E-05 -5.633311034E-03 
        47 -5.622309633E-03  1.317910792E-04  1.570969660E-04 -5.618598688E-03 
        48 -5.554005504E-03  1.657460962E-04  1.324680752E-04 -5.537501702E-03 
        49 -5.494751502E-03  1.923038944E-04  2.065928458E-04 -5.502838823E-03 
        50 -5.417208187E-03  2.122228179E-04  2.585098211E-04 -5.430574435E-03 
        51 -5.369931459E-03  2.175942645E-04  1.568761817E-04 -5.380775277E-03 
