cellnumber     x-coordinate     y-coordinate     y-coordinate     x-coordinate 
         1 -4.361119121E-03  1.999394735E-03  1.933136697E-03 -4.416522146E-03 
         2 -4.332643002E-03  1.999394735E-03  1.931426409E-03 -4.314333929E-03 
         3 -4.062274937E-03  1.997770974E-03  1.933075753E-03 -4.109019672E-03 
         4 -4.006013274E-03  1.973092789E-03  1.934369578E-03 -4.006508197E-03 
         5 -3.904672340E-03  1.947196084E-03  1.936141286E-03 -3.904823046E-03 
         6 -3.804280655E-03  1.942390925E-03  1.938266303E-03 -3.804586373E-03 
         7 -3.705416573E-03  1.938546658E-03  1.940709876E-03 -3.705521991E-03 
         8 -3.607852617E-03  1.934714150E-03  1.941697752E-03 -3.607061421E-03 
         9 -3.510516603E-03  1.934437896E-03  1.938766576E-03 -3.509147931E-03 
        10 -3.406504635E-03  1.933796681E-03  1.932905906E-03 -3.406640362E-03 
        11 -3.299577860E-03  1.928688143E-03  1.937228295E-03 -3.300266113E-03 
        12 -3.203362692E-03  1.922537456E-03  1.943163964E-03 -3.201366508E-03 
        13 -3.109365469E-03  1.918969559E-03  1.941788315E-03 -3.105180951E-03 
        14 -3.009724431E-03  1.920155250E-03  1.939727861E-03 -3.005310109E-03 
        15 -2.908235416E-03  1.921774005E-03  1.935561470E-03 -2.904892689E-03 
        16 -2.805235097E-03  1.918459660E-03  1.932500257E-03 -2.802616471E-03 
        17 -2.702953527E-03  1.910293358E-03  1.932111083E-03 -2.699786421E-03 
        18 -6.387945032E-04  1.480235253E-03  1.414941266E-03 -6.895575731E-04 
        19 -5.674156710E-04  1.436405000E-03  1.448220003E-03 -5.558165841E-04 
        20 -4.830611870E-04  1.364486990E-03  1.320917355E-03 -5.367589368E-04 
        21 -4.400629841E-04  1.316623064E-03  1.381372799E-03 -4.043495227E-04 
        22 -4.190328473E-04  1.268744585E-03  1.279469457E-03 -3.565849734E-04 
        23 -4.052144650E-04  1.195467194E-03  1.170872142E-03 -5.015293140E-04 
        24 -4.292852536E-04  1.065501361E-03  1.055436330E-03 -4.380076690E-04 
        25 -4.914648598E-04  8.857695502E-04  8.947566699E-04 -5.090550184E-04 
        26 -1.043895725E-03  4.940604558E-04  4.574421966E-04 -1.037019887E-03 
        27 -9.785589064E-04  5.199322477E-04  5.975935816E-04 -1.033549055E-03 
        28 -9.047893109E-04  5.465007853E-04  5.772724204E-04 -9.029988690E-04 
        29 -7.990594604E-04  5.948708858E-04  5.599454831E-04 -7.762837803E-04 
        30 -7.394779241E-04  6.291847094E-04  6.711230652E-04 -7.674549339E-04 
        31 -6.502768374E-04  6.855704123E-04  7.069028036E-04 -6.585072462E-04 
        32 -5.512826610E-04  7.652706117E-04  7.111312742E-04 -5.128033394E-04 
        33 -2.437216230E-03  1.984671253E-04  2.201922154E-04 -2.440115159E-03 
        34 -2.327402355E-03  2.143840247E-04  2.186625499E-04 -2.328098011E-03 
        35 -2.215719316E-03  2.411983296E-04  2.112852275E-04 -2.217161031E-03 
        36 -2.151950495E-03  2.657855512E-04  1.989077107E-04 -2.110429041E-03 
        37 -2.096418058E-03  2.818234498E-04  3.312500706E-04 -2.099126022E-03 
        38 -1.994888997E-03  3.164907685E-04  3.029544401E-04 -1.995195726E-03 
        39 -1.930436003E-03  3.433664970E-04  4.173342036E-04 -1.946427311E-03 
        40 -1.864380669E-03  3.580966149E-04  3.519095714E-04 -1.855315360E-03 
        41 -1.752055250E-03  3.776810772E-04  3.893469520E-04 -1.756236354E-03 
        42 -1.638133428E-03  3.886373306E-04  3.987650529E-04 -1.637128831E-03 
        43 -1.508564805E-03  3.995103471E-04  3.957838067E-04 -1.512344797E-03 
        44 -1.413541264E-03  4.106752167E-04  3.575266357E-04 -1.405965067E-03 
        45 -1.312911278E-03  4.318017163E-04  4.244326933E-04 -1.305797156E-03 
        46 -1.168099116E-03  4.600913089E-04  4.548834980E-04 -1.167276196E-03 
        47 -2.602205612E-03  1.896810834E-03  1.933004749E-03 -2.597631251E-03 
        48 -2.519697882E-03  1.879288466E-03  1.934575948E-03 -2.495273050E-03 
        49 -2.469374565E-03  1.868277206E-03  1.807533011E-03 -2.506620354E-03 
        50 -2.400681609E-03  1.858465956E-03  1.814425294E-03 -2.403696474E-03 
        51 -2.297359519E-03  1.839691773E-03  1.814740996E-03 -2.299235548E-03 
        52 -2.191365929E-03  1.819152269E-03  1.808920785E-03 -2.191616715E-03 
        53 -2.082869178E-03  1.800618600E-03  1.800316934E-03 -2.082469901E-03 
        54 -1.972598489E-03  1.784621738E-03  1.794137860E-03 -1.972503144E-03 
        55 -1.861252240E-03  1.758990460E-03  1.793465804E-03 -1.863882839E-03 
        56 -1.795303775E-03  1.734805526E-03  1.802582779E-03 -1.752611386E-03 
        57 -1.720840344E-03  1.713369973E-03  1.673647406E-03 -1.725666230E-03 
        58 -1.613334753E-03  1.683901763E-03  1.714492021E-03 -1.604933788E-03 
        59 -1.534619834E-03  1.664313138E-03  1.615152290E-03 -1.546052270E-03 
        60 -2.545113210E-03  1.804533822E-04  2.134558165E-04 -2.551091762E-03 
        61 -2.651542891E-03  1.628488244E-04  1.989311877E-04 -2.660682491E-03 
        62 -2.756227041E-03  1.475491008E-04  1.782028234E-04 -2.766268784E-03 
        63 -2.855567029E-03  1.352819381E-04  1.519967680E-04 -2.860687855E-03 
        64 -2.941326005E-03  1.358732407E-04  1.245868552E-04 -2.938612863E-03 
        65 -3.016998991E-03  1.298662100E-04  1.214414492E-04 -3.016459697E-03 
        66 -3.103976604E-03  1.109492950E-04  1.454524803E-04 -3.098442181E-03 
        67 -3.155599348E-03  1.035507812E-04  1.685867443E-04 -3.193051086E-03 
        68 -3.207747592E-03  8.792259905E-05  5.527762229E-05 -3.210920916E-03 
        69 -3.310554661E-03  6.806608144E-05  6.199954715E-05 -3.311930414E-03 
        70 -3.415627405E-03  6.211584696E-05  6.462525821E-05 -3.415662322E-03 
        71 -3.520317841E-03  6.020777801E-05  6.380833434E-05 -3.520089625E-03 
        72 -3.624597332E-03  6.138655590E-05  5.980250934E-05 -3.623612789E-03 
        73 -3.725229530E-03  6.561487680E-05  5.360691041E-05 -3.723738008E-03 
        74 -3.822901519E-03  6.626165123E-05  5.102335929E-05 -3.822366682E-03 
        75 -3.920606803E-03  6.056818893E-05  5.225894635E-05 -3.921222529E-03 
        76 -4.019991029E-03  5.438110747E-05  5.689246147E-05 -4.020525214E-03 
        77 -4.121757578E-03  4.318668653E-05  6.073745610E-05 -4.121556536E-03 
        78 -4.223751836E-03  2.139350909E-05  6.198469455E-05 -4.222944128E-03 
        79 -4.325079266E-03  7.074770110E-06  6.007520483E-05 -4.324261684E-03 
        80 -4.425859544E-03  6.047410352E-06  5.780932662E-05 -4.424947168E-03 
        81 -4.481144715E-03  3.136418172E-06  5.596906824E-05 -4.526306414E-03 
        82 -5.080551375E-03  1.508702553E-06  6.693967668E-05 -5.041680553E-03 
        83 -5.134216044E-03  1.123953098E-05  6.473279037E-05 -5.145436630E-03 
        84 -5.234956741E-03  1.054963286E-05  5.901185833E-05 -5.247603241E-03 
        85 -5.076026078E-03  1.990870805E-03  1.938990709E-03 -5.118253907E-03 
        86 -5.017879419E-03  1.968376804E-03  1.944484711E-03 -5.017463170E-03 
        87 -4.918264225E-03  1.951128012E-03  1.948290908E-03 -4.918495029E-03 
        88 -4.832321778E-03  1.973622013E-03  1.948353827E-03 -4.818912674E-03 
        89 -7.053422160E-04  1.515670447E-03  1.542117418E-03 -6.937938242E-04 
        90 -8.215779089E-04  1.560469507E-03  1.525793439E-03 -8.249774301E-04 
        91 -9.041741723E-04  1.583289821E-03  1.521332281E-03 -9.596832584E-04 
        92 -9.630566929E-04  1.610398293E-03  1.655000201E-03 -9.367739545E-04 
        93 -1.065472024E-03  1.645855722E-03  1.662749056E-03 -1.061101053E-03 
        94 -1.194935525E-03  1.657810761E-03  1.684159892E-03 -1.181330519E-03 
        95 -1.274507958E-03  1.653328654E-03  1.719080360E-03 -1.288943175E-03 
        96 -1.348812832E-03  1.653873129E-03  1.616039874E-03 -1.358988624E-03 
        97 -1.454966841E-03  1.657816814E-03  1.685995259E-03 -1.449680351E-03 
        98 -5.321977194E-03  8.188081324E-07  5.082560188E-05 -5.345947182E-03 
