cellnumber     x-coordinate     y-coordinate     y-coordinate     x-coordinate 
         1 -4.575225990E-03  1.996048726E-03  1.941195501E-03 -4.618455788E-03 
         2 -4.537624773E-03  1.996048493E-03  1.936762355E-03 -4.517952941E-03 
         3 -4.288781434E-03  1.990430057E-03  1.931426409E-03 -4.314333929E-03 
         4 -4.209889565E-03  1.965254545E-03  1.931636683E-03 -4.211520295E-03 
         5 -4.108524416E-03  1.945291413E-03  1.933075753E-03 -4.109019672E-03 
         6 -4.006330855E-03  1.939541544E-03  1.934369578E-03 -4.006508197E-03 
         7 -3.904613899E-03  1.936644083E-03  1.936141286E-03 -3.904823046E-03 
         8 -3.804377513E-03  1.933515887E-03  1.938266303E-03 -3.804586373E-03 
         9 -3.705905750E-03  1.928747050E-03  1.940709876E-03 -3.705521991E-03 
        10 -3.608903615E-03  1.924411627E-03  1.941697752E-03 -3.607061421E-03 
        11 -3.511932679E-03  1.925513265E-03  1.938766576E-03 -3.509147931E-03 
        12 -3.407497425E-03  1.924885204E-03  1.932905906E-03 -3.406640362E-03 
        13 -3.300019773E-03  1.911621308E-03  1.937228295E-03 -3.300266113E-03 
        14 -3.224264365E-03  1.892015338E-03  1.943163964E-03 -3.201366508E-03 
        15 -3.182394663E-03  1.880073803E-03  1.833132486E-03 -3.204367597E-03 
        16 -3.116803011E-03  1.875198213E-03  1.835596545E-03 -3.118652356E-03 
        17 -3.023806261E-03  1.874603797E-03  1.817102320E-03 -3.031397520E-03 
        18 -2.973729977E-03  1.877252012E-03  1.939727861E-03 -3.005310109E-03 
        19 -2.916923957E-03  1.879268093E-03  1.935561470E-03 -2.904892689E-03 
        20 -2.838939661E-03  1.873168512E-03  1.932500257E-03 -2.802616471E-03 
        21 -2.787543694E-03  1.862697187E-03  1.798346128E-03 -2.825612704E-03 
        22 -2.711650683E-03  1.846678671E-03  1.796212136E-03 -2.718328058E-03 
        23 -1.028760802E-03  1.210201997E-03  1.224661902E-03 -9.872474378E-04 
        24 -1.012195833E-03  1.028907136E-03  1.041082176E-03 -9.806221599E-04 
        25 -1.031463500E-03  9.083175100E-04  9.036022923E-04 -9.443507556E-04 
        26 -1.046085148E-03  8.844114491E-04  7.722033649E-04 -1.004195331E-03 
        27 -2.471732209E-03  2.786777331E-04  2.201922154E-04 -2.440115159E-03 
        28 -2.415630734E-03  2.986567852E-04  3.697733932E-04 -2.454968943E-03 
        29 -2.331603086E-03  3.168859694E-04  3.662185855E-04 -2.332841970E-03 
        30 -2.212411957E-03  3.381437855E-04  3.520143230E-04 -2.212597215E-03 
        31 -2.100385493E-03  3.664359392E-04  3.312500706E-04 -2.099126022E-03 
        32 -2.040365012E-03  3.878290299E-04  4.650286524E-04 -2.072920559E-03 
        33 -1.940758899E-03  4.038676852E-04  4.173342036E-04 -1.946427311E-03 
        34 -1.840481302E-03  4.182767007E-04  3.519095714E-04 -1.855315360E-03 
        35 -1.810749178E-03  4.266010365E-04  3.893469520E-04 -1.756236354E-03 
        36 -1.745851361E-03  4.455957969E-04  5.081944410E-04 -1.765897384E-03 
        37 -1.643390628E-03  4.748219799E-04  5.146913914E-04 -1.643351564E-03 
        38 -1.507673413E-03  5.025637220E-04  5.452351601E-04 -1.510181627E-03 
        39 -1.347555313E-03  5.629237858E-04  5.787088589E-04 -1.353333446E-03 
        40 -1.225013519E-03  6.527373916E-04  6.053760534E-04 -1.184284385E-03 
        41 -1.122549991E-03  7.809350500E-04  8.043713499E-04 -1.175082467E-03 
        42 -2.609464806E-03  1.821419108E-03  1.799962270E-03 -2.611890894E-03 
        43 -2.506882185E-03  1.787421643E-03  1.807533011E-03 -2.506620354E-03 
        44 -2.446829807E-03  1.759661129E-03  1.814425294E-03 -2.403696474E-03 
        45 -2.398865530E-03  1.744423993E-03  1.708873001E-03 -2.409373332E-03 
        46 -2.307490911E-03  1.728239586E-03  1.706514208E-03 -2.308241856E-03 
        47 -2.200920368E-03  1.714618877E-03  1.689752994E-03 -2.203074674E-03 
        48 -2.089187503E-03  1.700805151E-03  1.670428292E-03 -2.091832782E-03 
        49 -1.973625505E-03  1.684198389E-03  1.656135306E-03 -1.975000886E-03 
        50 -1.854880131E-03  1.664904645E-03  1.652610595E-03 -1.855339528E-03 
        51 -1.743119210E-03  1.637172070E-03  1.673647406E-03 -1.725666230E-03 
        52 -1.647447236E-03  1.605334226E-03  1.546881967E-03 -1.685007620E-03 
        53 -1.554745832E-03  1.581826597E-03  1.615152290E-03 -1.546052270E-03 
        54 -1.424470334E-03  1.544998609E-03  1.503794129E-03 -1.448220929E-03 
        55 -1.270565554E-03  1.477568876E-03  1.420867578E-03 -1.300755326E-03 
        56 -1.138301101E-03  1.373064704E-03  1.388831252E-03 -1.130949901E-03 
        57 -1.070503378E-03  1.294575981E-03  1.218337260E-03 -1.160650360E-03 
        58 -2.558565931E-03  2.512664651E-04  2.134558165E-04 -2.551091762E-03 
        59 -2.668852918E-03  2.272608981E-04  1.989311877E-04 -2.660682491E-03 
        60 -2.781078685E-03  2.157600247E-04  1.782028234E-04 -2.766268784E-03 
        61 -2.844781382E-03  2.173130779E-04  1.519967680E-04 -2.860687855E-03 
        62 -2.899451414E-03  2.159206342E-04  2.514614593E-04 -2.912482779E-03 
        63 -2.986283740E-03  2.065003500E-04  1.949605707E-04 -2.983549814E-03 
        64 -3.047313308E-03  1.942023227E-04  2.440689218E-04 -3.061257662E-03 
        65 -3.106339835E-03  1.716207480E-04  1.454524803E-04 -3.098442181E-03 
        66 -3.196081612E-03  1.456826722E-04  1.685867443E-04 -3.193051086E-03 
        67 -3.282955382E-03  1.297759882E-04  1.837645910E-04 -3.297713355E-03 
        68 -3.338538809E-03  1.127716314E-04  6.199954715E-05 -3.311930414E-03 
        69 -3.414212028E-03  9.180644702E-05  6.462525821E-05 -3.415662322E-03 
        70 -3.520610509E-03  7.723595627E-05  6.380833434E-05 -3.520089625E-03 
        71 -3.625440411E-03  7.248776092E-05  5.980250934E-05 -3.623612789E-03 
        72 -3.725857241E-03  7.359562733E-05  5.360691041E-05 -3.723738008E-03 
        73 -3.823066596E-03  7.203035784E-05  5.102335929E-05 -3.822366682E-03 
        74 -3.920514602E-03  6.482518074E-05  5.225894635E-05 -3.921222529E-03 
        75 -4.019782878E-03  5.845752457E-05  5.689246147E-05 -4.020525214E-03 
        76 -4.121354315E-03  5.439925735E-05  6.073745610E-05 -4.121556536E-03 
        77 -4.223271739E-03  5.147009142E-05  6.198469455E-05 -4.222944128E-03 
        78 -4.324689973E-03  4.912623990E-05  6.007520483E-05 -4.324261684E-03 
        79 -4.425400868E-03  4.575541971E-05  5.780932662E-05 -4.424947168E-03 
        80 -4.526596982E-03  3.835609823E-05  5.596906824E-05 -4.526306414E-03 
        81 -4.627874121E-03  2.493728243E-05  5.666467444E-05 -4.629023667E-03 
        82 -4.712137394E-03  8.409837392E-06  6.050692886E-05 -4.730923795E-03 
        83 -5.268794019E-03  2.310741183E-05  5.901185833E-05 -5.247603241E-03 
        84 -5.191320088E-03  1.980187604E-03  1.934327000E-03 -5.221331158E-03 
        85 -5.118224304E-03  1.956474502E-03  1.938990709E-03 -5.118253907E-03 
        86 -5.017543212E-03  1.974830404E-03  1.944484711E-03 -5.017463170E-03 
        87 -4.966696724E-03  1.998543274E-03  1.948290908E-03 -4.918495029E-03 
        88 -5.533255637E-03  1.967465505E-05  4.459777306E-05 -5.537449764E-03 
        89 -5.441437010E-03  3.955015927E-05  4.492314267E-05 -5.441885650E-03 
        90 -5.344968755E-03  4.298291606E-05  5.082560188E-05 -5.345947182E-03 
