cellnumber     x-coordinate     y-coordinate     y-coordinate     x-coordinate 
         1 -6.911061704E-03  1.981786219E-03  1.949177057E-03 -6.940937222E-03 
         2 -6.843788549E-03  1.964115072E-03  1.951895744E-03 -6.844616968E-03 
         3 -6.746296305E-03  1.966174459E-03  1.949864175E-03 -6.748831175E-03 
         4 -6.644441746E-03  1.969219418E-03  1.945437433E-03 -6.647916601E-03 
         5 -6.543261930E-03  1.967073884E-03  1.943884588E-03 -6.546492771E-03 
         6 -6.443890277E-03  1.953413710E-03  1.940514493E-03 -6.446167279E-03 
         7 -6.345885806E-03  1.919940813E-03  1.941039642E-03 -6.343202304E-03 
         8 -6.291198544E-03  1.889892621E-03  1.942084476E-03 -6.241432963E-03 
         9 -6.242397707E-03  1.865640632E-03  1.827883162E-03 -6.254296224E-03 
        10 -6.149142049E-03  1.813922543E-03  1.831148484E-03 -6.148697502E-03 
        11 -6.096368656E-03  1.778924721E-03  1.840988043E-03 -6.041242266E-03 
        12 -6.018197164E-03  1.732755220E-03  1.729865500E-03 -6.024573084E-03 
        13 -5.934759974E-03  1.681199297E-03  1.597447164E-03 -6.020009927E-03 
        14 -5.866747815E-03  1.599175041E-03  1.578987384E-03 -5.872446552E-03 
        15 -5.792845972E-03  1.501323073E-03  1.550953584E-03 -5.732509647E-03 
        16 -5.743710324E-03  1.402582973E-03  1.401567245E-03 -5.756030777E-03 
        17 -5.702213850E-03  1.313183922E-03  1.255042310E-03 -5.770052402E-03 
        18 -5.670167040E-03  1.236438518E-03  1.248750180E-03 -5.630415423E-03 
        19 -5.642379168E-03  1.093721832E-03  1.098427084E-03 -5.644458086E-03 
        20 -5.653913133E-03  9.356373339E-04  9.681019643E-04 -5.702183448E-03 
        21 -6.997629534E-03  2.334127430E-06  7.130261585E-05 -7.048670775E-03 
        22 -6.944618188E-03  2.710609442E-05  7.181474448E-05 -6.944535300E-03 
        23 -6.841333583E-03  5.348897685E-05  6.939597676E-05 -6.840962208E-03 
        24 -6.737846415E-03  6.716475036E-05  6.322564647E-05 -6.739235961E-03 
        25 -6.659505889E-03  9.408657934E-05  5.527185840E-05 -6.640630413E-03 
        26 -6.607949268E-03  1.222442661E-04  1.700505549E-04 -6.625372521E-03 
        27 -6.553530693E-03  1.578174997E-04  1.430828731E-04 -6.543170477E-03 
        28 -6.480349693E-03  2.048910537E-04  2.306216288E-04 -6.492545969E-03 
        29 -6.385186221E-03  2.530561469E-04  2.644835783E-04 -6.394185377E-03 
        30 -6.308906246E-03  2.960366255E-04  2.688826102E-04 -6.283450163E-03 
        31 -6.267673802E-03  3.218155762E-04  3.427835859E-04 -6.292072075E-03 
        32 -6.204169244E-03  3.546731605E-04  3.948971479E-04 -6.220809199E-03 
        33 -6.093379110E-03  4.179885145E-04  4.407775712E-04 -6.101857444E-03 
        34 -5.983356386E-03  4.926937982E-04  4.604597269E-04 -5.953873482E-03 
        35 -5.905910861E-03  5.551411305E-04  6.001185489E-04 -5.961354012E-03 
        36 -5.821537226E-03  6.281654933E-04  6.006745647E-04 -5.781646701E-03 
        37 -5.717904307E-03  7.633409696E-04  7.593298546E-04 -5.769750461E-03 
        38 -5.666664336E-03  8.542778669E-04  8.938999874E-04 -5.787698338E-03 
