cellnumber     x-coordinate     y-coordinate     y-coordinate     x-coordinate 
         1 -4.716748372E-03  1.977310749E-03  1.945594745E-03 -4.718454719E-03 
         2 -4.615763668E-03  1.977802254E-03  1.941195501E-03 -4.618455788E-03 
         3 -4.514391534E-03  1.980124041E-03  1.936762355E-03 -4.517952941E-03 
         4 -4.413428716E-03  1.973537030E-03  1.933136697E-03 -4.416522146E-03 
         5 -4.312541801E-03  1.958446810E-03  1.931426409E-03 -4.314333929E-03 
         6 -4.210811574E-03  1.945579075E-03  1.931636683E-03 -4.211520295E-03 
         7 -4.108650610E-03  1.939969952E-03  1.933075753E-03 -4.109019672E-03 
         8 -4.006339703E-03  1.937399735E-03  1.934369578E-03 -4.006508197E-03 
         9 -3.904604819E-03  1.934824977E-03  1.936141286E-03 -3.904823046E-03 
        10 -3.804410575E-03  1.931092353E-03  1.938266303E-03 -3.804586373E-03 
        11 -3.706176765E-03  1.924012671E-03  1.940709876E-03 -3.705521991E-03 
        12 -3.609972075E-03  1.914860681E-03  1.941697752E-03 -3.607061421E-03 
        13 -3.514072858E-03  1.912459265E-03  1.938766576E-03 -3.509147931E-03 
        14 -3.409164259E-03  1.910674036E-03  1.932905906E-03 -3.406640362E-03 
        15 -3.311136272E-03  1.893058419E-03  1.937228295E-03 -3.300266113E-03 
        16 -3.258907935E-03  1.878009061E-03  1.809831896E-03 -3.294728159E-03 
        17 -3.206028370E-03  1.869873144E-03  1.833132486E-03 -3.204367597E-03 
        18 -3.117939690E-03  1.861896017E-03  1.835596545E-03 -3.118652356E-03 
        19 -3.023107070E-03  1.857500640E-03  1.817102320E-03 -3.031397520E-03 
        20 -2.924401080E-03  1.842299593E-03  1.804866979E-03 -2.932343393E-03 
        21 -2.822016599E-03  1.819975441E-03  1.798346128E-03 -2.825612704E-03 
        22 -2.717544790E-03  1.799924183E-03  1.796212136E-03 -2.718328058E-03 
        23 -2.451841952E-03  3.347795573E-04  3.697733932E-04 -2.454968943E-03 
        24 -2.331942786E-03  3.539712343E-04  3.662185855E-04 -2.332841970E-03 
        25 -2.210305538E-03  3.865739563E-04  3.520143230E-04 -2.212597215E-03 
        26 -2.147944644E-03  4.110939626E-04  4.965748243E-04 -2.196300302E-03 
        27 -2.080434002E-03  4.256142420E-04  4.650286524E-04 -2.072920559E-03 
        28 -1.959595829E-03  4.516312911E-04  4.173342036E-04 -1.946427311E-03 
        29 -1.864894293E-03  4.774219706E-04  5.513027783E-04 -1.889974474E-03 
        30 -1.778029371E-03  5.313433358E-04  5.081944410E-04 -1.765897384E-03 
        31 -1.671371399E-03  5.937828100E-04  6.336628596E-04 -1.703176576E-03 
        32 -1.540867379E-03  6.561239134E-04  7.314836852E-04 -1.576639723E-03 
        33 -1.389790210E-03  8.003252442E-04  7.955271984E-04 -1.392863480E-03 
        34 -1.299538068E-03  1.014429145E-03  1.009203752E-03 -1.397937173E-03 
        35 -1.339675509E-03  1.243192935E-03  1.240063513E-03 -1.356716946E-03 
        36 -1.402997412E-03  1.382449642E-03  1.420867578E-03 -1.300755326E-03 
        37 -1.446704380E-03  1.413268503E-03  1.503794129E-03 -1.448220929E-03 
        38 -1.542560640E-03  1.466615475E-03  1.390946185E-03 -1.615302864E-03 
        39 -1.694893115E-03  1.541312435E-03  1.546881967E-03 -1.685007620E-03 
        40 -1.800671802E-03  1.580052311E-03  1.508885932E-03 -1.845175443E-03 
        41 -1.867911662E-03  1.610160340E-03  1.652610595E-03 -1.855339528E-03 
        42 -1.975439489E-03  1.646692166E-03  1.656135306E-03 -1.975000886E-03 
        43 -2.092702081E-03  1.669929363E-03  1.670428292E-03 -2.091832782E-03 
        44 -2.204842865E-03  1.685592113E-03  1.689752994E-03 -2.203074674E-03 
        45 -2.311101882E-03  1.693662372E-03  1.706514208E-03 -2.308241856E-03 
        46 -2.409631852E-03  1.704764203E-03  1.708873001E-03 -2.409373332E-03 
        47 -2.508678241E-03  1.725043054E-03  1.694345655E-03 -2.508386553E-03 
        48 -2.565653296E-03  1.737781102E-03  1.676729652E-03 -2.616739931E-03 
        49 -2.617645543E-03  1.764692715E-03  1.799962270E-03 -2.611890894E-03 
        50 -2.569192555E-03  3.115832515E-04  3.602622400E-04 -2.576922968E-03 
        51 -2.685479587E-03  2.899356768E-04  3.375554304E-04 -2.696750642E-03 
        52 -2.804166637E-03  2.724537917E-04  3.020632581E-04 -2.813140606E-03 
        53 -2.924920060E-03  2.600287262E-04  2.514614593E-04 -2.912482779E-03 
        54 -2.985364990E-03  2.558283450E-04  3.451552469E-04 -2.994928149E-03 
        55 -3.058051458E-03  2.345319081E-04  2.440689218E-04 -3.061257662E-03 
        56 -3.131173085E-03  2.131017245E-04  2.861603377E-04 -3.164992166E-03 
        57 -3.187983995E-03  1.911545260E-04  1.685867443E-04 -3.193051086E-03 
        58 -3.300293349E-03  1.597295486E-04  1.837645910E-04 -3.297713355E-03 
        59 -3.410645295E-03  1.391216356E-04  1.897839946E-04 -3.409442843E-03 
        60 -3.466181224E-03  1.274314127E-04  6.462525821E-05 -3.415662322E-03 
        61 -3.521281062E-03  1.145554706E-04  6.380833434E-05 -3.520089625E-03 
        62 -3.627919592E-03  1.031070933E-04  5.980250934E-05 -3.623612789E-03 
        63 -3.707724158E-03  1.057450063E-04  5.360691041E-05 -3.723738008E-03 
        64 -3.755221376E-03  1.068577039E-04  1.566616228E-04 -3.735074276E-03 
        65 -3.792975564E-03  1.044908640E-04  1.445315329E-04 -3.824581034E-03 
        66 -3.841096535E-03  9.684732504E-05  5.102335929E-05 -3.822366682E-03 
        67 -3.920302261E-03  8.056924707E-05  5.225894635E-05 -3.921222529E-03 
        68 -4.019394983E-03  6.588522956E-05  5.689246147E-05 -4.020525214E-03 
        69 -4.121175501E-03  5.865584535E-05  6.073745610E-05 -4.121556536E-03 
        70 -4.223201890E-03  5.478286766E-05  6.198469455E-05 -4.222944128E-03 
        71 -4.324656446E-03  5.269408939E-05  6.007520483E-05 -4.324261684E-03 
        72 -4.425346386E-03  5.035270078E-05  5.780932662E-05 -4.424947168E-03 
        73 -4.526638426E-03  4.830460603E-05  5.596906824E-05 -4.526306414E-03 
        74 -4.627996590E-03  3.421574002E-05  5.666467444E-05 -4.629023667E-03 
        75 -4.704640713E-03  1.037492257E-05  6.050692886E-05 -4.730923795E-03 
        76 -5.279836245E-03  1.993726240E-03  1.931409215E-03 -5.326042501E-03 
        77 -5.221015308E-03  1.979552908E-03  1.934327000E-03 -5.221331158E-03 
        78 -5.143138580E-03  1.985826530E-03  1.938990709E-03 -5.118253907E-03 
        79 -4.784532357E-03  1.989688026E-03  1.948353827E-03 -4.818912674E-03 
        80 -5.609535147E-03  2.224813579E-05  5.134376603E-05 -5.633311034E-03 
        81 -5.536992569E-03  4.529237049E-05  4.459777306E-05 -5.537449764E-03 
        82 -5.443795118E-03  5.053591303E-05  4.492314267E-05 -5.441885650E-03 
        83 -5.359378643E-03  2.749167834E-05  5.082560188E-05 -5.345947182E-03 
