cellnumber     x-coordinate     y-coordinate     y-coordinate     x-coordinate 
         1 -4.736817442E-03  1.975454157E-03  1.945594745E-03 -4.718454719E-03 
         2 -4.174072295E-03  1.985333161E-03  1.931636683E-03 -4.211520295E-03 
         3 -4.110618960E-03  1.985333161E-03  1.933075753E-03 -4.109019672E-03 
         4 -3.888850566E-03  1.984734088E-03  1.936141286E-03 -3.904823046E-03 
         5 -3.804237116E-03  1.958085690E-03  1.938266303E-03 -3.804586373E-03 
         6 -3.705142532E-03  1.944227959E-03  1.940709876E-03 -3.705521991E-03 
         7 -3.607220016E-03  1.940784976E-03  1.941697752E-03 -3.607061421E-03 
         8 -3.509562230E-03  1.940387767E-03  1.938766576E-03 -3.509147931E-03 
         9 -3.405869240E-03  1.938705100E-03  1.932905906E-03 -3.406640362E-03 
        10 -3.299422562E-03  1.933920197E-03  1.937228295E-03 -3.300266113E-03 
        11 -3.202628810E-03  1.929691876E-03  1.943163964E-03 -3.201366508E-03 
        12 -3.107976634E-03  1.926735742E-03  1.941788315E-03 -3.105180951E-03 
        13 -3.008397063E-03  1.926730969E-03  1.939727861E-03 -3.005310109E-03 
        14 -2.906822367E-03  1.928747864E-03  1.935561470E-03 -2.904892689E-03 
        15 -2.803419484E-03  1.929107588E-03  1.932500257E-03 -2.802616471E-03 
        16 -2.700481331E-03  1.927222940E-03  1.932111083E-03 -2.699786421E-03 
        17 -2.936112578E-04  1.565937884E-03  1.529519333E-03 -3.139886449E-04 
        18 -2.264504874E-04  1.535830204E-03  1.558696634E-03 -2.046583321E-04 
        19 -1.672357030E-04  1.487161731E-03  1.478433200E-03 -1.914848197E-04 
        20 -1.273921225E-04  1.429873402E-03  1.413017504E-03 -1.661428075E-04 
        21 -1.092779639E-04  1.373314881E-03  1.359573714E-03 -1.348097336E-04 
        22 -1.017967006E-04  1.315104775E-03  1.318239363E-03 -1.023256731E-04 
        23 -9.918116848E-05  1.281053293E-03  1.265184603E-03 -1.429159134E-04 
        24 -9.384135046E-05  1.240260084E-03  1.239176391E-03 -8.770183052E-05 
        25 -8.917015657E-05  1.174901612E-03  1.170295705E-03 -1.164009117E-04 
        26 -8.706159861E-05  1.137439394E-03  1.158796143E-03 -5.523785846E-05 
        27 -8.791234723E-05  1.095942105E-03  1.095127630E-03 -6.967082846E-05 
        28 -1.013573274E-04  1.035480760E-03  1.029795989E-03 -7.952191467E-05 
        29 -1.136878127E-04  1.000492484E-03  1.025000865E-03 -1.470584796E-04 
        30 -1.267118496E-04  9.487823700E-04  9.448707032E-04 -1.500054617E-04 
        31 -1.690565114E-04  8.671173127E-04  8.629434280E-04 -1.579840870E-04 
        32 -2.013936173E-04  8.283622446E-04  8.656651335E-04 -2.280834793E-04 
        33 -2.232411352E-04  8.026023279E-04  8.045369876E-04 -2.393561153E-04 
        34 -2.694751020E-04  7.499036728E-04  7.478640796E-04 -2.641865845E-04 
        35 -3.121172776E-04  7.002641796E-04  6.583290039E-04 -2.821849909E-04 
        36 -1.036195550E-03  4.255410749E-04  4.574421966E-04 -1.037019887E-03 
        37 -9.099068702E-04  4.478230258E-04  4.503369846E-04 -9.099846602E-04 
        38 -8.008419536E-04  4.788422957E-04  4.407301292E-04 -7.836932091E-04 
        39 -7.342714816E-04  5.059243995E-04  5.599454831E-04 -7.762837803E-04 
        40 -6.531974068E-04  5.263397470E-04  5.572273361E-04 -6.504857892E-04 
        41 -5.291457055E-04  5.594036775E-04  5.477493831E-04 -5.305446947E-04 
        42 -4.458257463E-04  5.915812799E-04  5.254892374E-04 -3.997802227E-04 
        43 -3.776228696E-04  6.420252030E-04  6.864709850E-04 -3.936247271E-04 
        44 -2.449254505E-03  1.330280938E-04  7.332680564E-05 -2.420594786E-03 
        45 -2.398164943E-03  1.493886230E-04  2.201922154E-04 -2.440115159E-03 
        46 -2.324493602E-03  1.664839947E-04  2.186625499E-04 -2.328098011E-03 
        47 -2.216294641E-03  1.897278853E-04  2.112852275E-04 -2.217161031E-03 
        48 -2.108863089E-03  2.133651869E-04  1.989077107E-04 -2.110429041E-03 
        49 -2.039030194E-03  2.373527095E-04  1.842663306E-04 -2.008411712E-03 
        50 -1.984841423E-03  2.563484595E-04  3.029544401E-04 -1.995195726E-03 
        51 -1.909125247E-03  2.813043247E-04  2.684268258E-04 -1.906429243E-03 
        52 -1.859990996E-03  2.988456981E-04  3.519095714E-04 -1.855315360E-03 
        53 -1.816408476E-03  2.913957869E-04  2.622619172E-04 -1.820633904E-03 
        54 -1.734279213E-03  2.895763901E-04  2.778545555E-04 -1.732064054E-03 
        55 -1.639132039E-03  3.197158221E-04  2.819302634E-04 -1.631474421E-03 
        56 -1.588395680E-03  3.445620241E-04  3.987650529E-04 -1.637128831E-03 
        57 -1.517842524E-03  3.603408113E-04  3.957838067E-04 -1.512344797E-03 
        58 -1.404110342E-03  3.752609773E-04  3.575266357E-04 -1.405965067E-03 
        59 -1.289731706E-03  3.811267088E-04  4.244326933E-04 -1.305797156E-03 
        60 -1.220926992E-03  3.857828269E-04  3.038450707E-04 -1.257638007E-03 
        61 -1.214882475E-03  3.869025095E-04  3.241589354E-04 -1.149164014E-03 
        62 -1.155481441E-03  4.009295080E-04  4.548834980E-04 -1.167276196E-03 
        63 -2.598822350E-03  1.922378666E-03  1.933004749E-03 -2.597631251E-03 
        64 -2.497708425E-03  1.912161359E-03  1.934575948E-03 -2.495273050E-03 
        65 -2.397274133E-03  1.893000910E-03  1.936099255E-03 -2.392953671E-03 
        66 -2.328027738E-03  1.877062488E-03  1.936053435E-03 -2.289587949E-03 
        67 -2.275214298E-03  1.870662905E-03  1.814740996E-03 -2.299235548E-03 
        68 -2.188297920E-03  1.863571000E-03  1.808920785E-03 -2.191616715E-03 
        69 -2.081169048E-03  1.851978246E-03  1.800316934E-03 -2.082469901E-03 
        70 -1.973457402E-03  1.834493247E-03  1.794137860E-03 -1.972503144E-03 
        71 -1.865134924E-03  1.814860851E-03  1.793465804E-03 -1.863882839E-03 
        72 -1.747689443E-03  1.777965343E-03  1.802582779E-03 -1.752611386E-03 
        73 -1.680521411E-03  1.749465009E-03  1.673647406E-03 -1.725666230E-03 
        74 -1.611236483E-03  1.736265607E-03  1.714492021E-03 -1.604933788E-03 
        75 -2.532001352E-03  1.115246559E-04  7.110491468E-05 -2.524064784E-03 
        76 -2.635256620E-03  9.846899775E-05  6.600393607E-05 -2.626677037E-03 
        77 -2.739557764E-03  9.667740233E-05  5.825507198E-05 -2.727486420E-03 
        78 -2.801138442E-03  1.015173984E-04  4.912679422E-05 -2.825656849E-03 
        79 -2.851545811E-03  1.042412187E-04  1.519967680E-04 -2.860687855E-03 
        80 -2.934706165E-03  1.044553646E-04  1.245868552E-04 -2.938612863E-03 
        81 -3.017685842E-03  1.007946557E-04  1.214414492E-04 -3.016459697E-03 
        82 -3.078854876E-03  9.551273979E-05  1.454524803E-04 -3.098442181E-03 
        83 -3.127961187E-03  8.457089280E-05  4.724476742E-05 -3.112842704E-03 
        84 -3.208063543E-03  6.921221939E-05  5.527762229E-05 -3.210920916E-03 
        85 -3.311284119E-03  6.122017658E-05  6.199954715E-05 -3.311930414E-03 
        86 -3.415795043E-03  5.819934086E-05  6.462525821E-05 -3.415662322E-03 
        87 -3.520207945E-03  5.634602348E-05  6.380833434E-05 -3.520089625E-03 
        88 -3.624066478E-03  5.528331894E-05  5.980250934E-05 -3.623612789E-03 
        89 -3.724542214E-03  5.547726687E-05  5.360691041E-05 -3.723738008E-03 
        90 -3.822595812E-03  5.451515972E-05  5.102335929E-05 -3.822366682E-03 
        91 -3.920835443E-03  5.033089110E-05  5.225894635E-05 -3.921222529E-03 
        92 -4.021017812E-03  3.359287439E-05  5.689246147E-05 -4.020525214E-03 
        93 -4.105678294E-03  9.863576452E-06  6.073745610E-05 -4.121556536E-03 
        94 -4.260851536E-03  2.101053497E-06  6.198469455E-05 -4.222944128E-03 
        95 -4.283336923E-03  2.101053497E-06  6.007520483E-05 -4.324261684E-03 
        96 -5.041397642E-03  4.587736839E-06  6.693967668E-05 -5.041680553E-03 
        97 -5.093196407E-03  4.587736839E-06  6.473279037E-05 -5.145436630E-03 
        98 -4.981442355E-03  1.984808594E-03  1.944484711E-03 -5.017463170E-03 
        99 -4.918162245E-03  1.964203781E-03  1.948290908E-03 -4.918495029E-03 
       100 -4.818800371E-03  1.954849344E-03  1.948353827E-03 -4.818912674E-03 
       101 -3.555099247E-04  1.588184386E-03  1.631746268E-03 -3.264789415E-04 
       102 -4.454078735E-04  1.611575368E-03  1.599267362E-03 -4.447095718E-04 
       103 -5.296020536E-04  1.626969082E-03  1.567929060E-03 -5.672376883E-04 
       104 -5.914959474E-04  1.646487508E-03  1.685899961E-03 -5.732873532E-04 
       105 -6.920139422E-04  1.666321419E-03  1.667847002E-03 -6.926314843E-04 
       106 -8.118870901E-04  1.672667684E-03  1.656712271E-03 -8.141139273E-04 
       107 -9.325072751E-04  1.678008121E-03  1.655000201E-03 -9.367739545E-04 
       108 -1.054306980E-03  1.686064294E-03  1.662749056E-03 -1.061101053E-03 
       109 -1.176182181E-03  1.699014450E-03  1.684159892E-03 -1.181330519E-03 
       110 -1.301916898E-03  1.701824833E-03  1.719080360E-03 -1.288943175E-03 
       111 -1.369498437E-03  1.696861233E-03  1.616039874E-03 -1.358988624E-03 
       112 -1.434797072E-03  1.704763272E-03  1.685995259E-03 -1.449680351E-03 
       113 -1.521877362E-03  1.718307147E-03  1.758387054E-03 -1.511812106E-03 
