cellnumber     x-coordinate     y-coordinate     y-coordinate     x-coordinate 
         1 -4.722678103E-03  1.897466136E-03  1.945594745E-03 -4.718454719E-03 
         2 -4.634762648E-03  1.887857332E-03  1.941195501E-03 -4.618455788E-03 
         3 -4.585742019E-03  1.878021751E-03  1.821740042E-03 -4.632239029E-03 
         4 -4.525388591E-03  1.865408849E-03  1.807912195E-03 -4.531995633E-03 
         5 -4.424870480E-03  1.841364778E-03  1.797647946E-03 -4.429016043E-03 
         6 -4.321415909E-03  1.818010351E-03  1.792723670E-03 -4.323207242E-03 
         7 -4.215677269E-03  1.798896119E-03  1.794125837E-03 -4.216180712E-03 
         8 -4.109790083E-03  1.772805466E-03  1.798024719E-03 -4.110175632E-03 
         9 -4.042210989E-03  1.744937152E-03  1.802305617E-03 -4.005445002E-03 
        10 -3.988166340E-03  1.721578883E-03  1.667676903E-03 -3.999457579E-03 
        11 -3.895441070E-03  1.688414835E-03  1.672828234E-03 -3.894356398E-03 
        12 -3.807367058E-03  1.642585266E-03  1.681510245E-03 -3.794299263E-03 
        13 -3.751362907E-03  1.604625606E-03  1.541560749E-03 -3.773727553E-03 
        14 -3.660024144E-03  1.542575774E-03  1.557225594E-03 -3.664867491E-03 
        15 -3.586067120E-03  1.490168041E-03  1.592142604E-03 -3.541097551E-03 
        16 -3.500615945E-03  1.402729540E-03  1.401004979E-03 -3.501411735E-03 
        17 -3.411203157E-03  1.308887498E-03  1.416834299E-03 -3.338769042E-03 
        18 -3.366714576E-03  1.193362637E-03  1.192784425E-03 -3.323561050E-03 
        19 -3.366695251E-03  9.614792652E-04  9.647612114E-04 -3.312884345E-03 
        20 -3.403536743E-03  8.344778907E-04  9.839461606E-04 -3.501481921E-03 
        21 -3.481395310E-03  7.410996477E-04  7.712934869E-04 -3.539878169E-03 
        22 -3.592323046E-03  6.196238101E-04  5.725034773E-04 -3.548979159E-03 
        23 -3.718729131E-03  5.296486779E-04  5.601726403E-04 -3.722353444E-03 
        24 -3.826374421E-03  4.604601709E-04  5.633034030E-04 -3.909132129E-03 
        25 -3.939355258E-03  4.139349621E-04  4.113336370E-04 -3.939257317E-03 
        26 -4.044489004E-03  3.734914935E-04  4.381679116E-04 -4.093871364E-03 
        27 -4.106839653E-03  3.453243698E-04  3.093989089E-04 -4.104616550E-03 
        28 -4.219114315E-03  3.062272735E-04  3.094673853E-04 -4.219473331E-03 
        29 -4.328091629E-03  2.776511828E-04  2.998572884E-04 -4.329756886E-03 
        30 -4.431081004E-03  2.498441027E-04  2.808978991E-04 -4.434007076E-03 
        31 -4.528936930E-03  2.269895922E-04  2.521377413E-04 -4.528570380E-03 
        32 -4.593173042E-03  2.118740376E-04  2.551208485E-04 -4.622732314E-03 
        33 -4.644199274E-03  1.897455659E-04  1.616752654E-04 -4.629131117E-03 
        34 -4.731207620E-03  1.554282644E-04  1.772254117E-04 -4.732403490E-03 
        35 -4.804656841E-03  1.323340548E-04  1.899614240E-04 -4.839295510E-03 
        36 -4.855959211E-03  1.080991206E-04  6.405840120E-05 -4.833593435E-03 
        37 -4.938520957E-03  8.094861550E-05  6.643712700E-05 -4.937359311E-03 
        38 -5.041927565E-03  6.861668226E-05  6.693967668E-05 -5.041680553E-03 
        39 -5.145691335E-03  6.352298078E-05  6.473279037E-05 -5.145436630E-03 
        40 -5.249537993E-03  6.197758921E-05  5.901185833E-05 -5.247603241E-03 
        41 -6.003938150E-03  1.986772986E-03  1.948080179E-03 -6.036384771E-03 
        42 -5.934828427E-03  1.970679034E-03  1.952643376E-03 -5.937578608E-03 
        43 -5.835542921E-03  1.972889528E-03  1.950483939E-03 -5.840505752E-03 
        44 -5.732085556E-03  1.988983480E-03  1.944291145E-03 -5.741907226E-03 
        45 -5.507019814E-03  1.990977675E-03  1.932288155E-03 -5.536746068E-03 
        46 -5.427117925E-03  1.966744429E-03  1.930799866E-03 -5.431590773E-03 
        47 -5.324956030E-03  1.946768025E-03  1.931409215E-03 -5.326042501E-03 
        48 -5.220799707E-03  1.939512673E-03  1.934327000E-03 -5.221331158E-03 
        49 -5.117203109E-03  1.932413783E-03  1.938990709E-03 -5.118253907E-03 
        50 -5.015984178E-03  1.919448026E-03  1.944484711E-03 -5.017463170E-03 
        51 -4.919153173E-03  1.904343138E-03  1.948290908E-03 -4.918495029E-03 
        52 -4.871709738E-03  1.897586742E-03  1.850246914E-03 -4.917136210E-03 
        53 -4.870050121E-03  1.897562528E-03  1.848904220E-03 -4.824341183E-03 
        54 -4.820425529E-03  1.898196759E-03  1.948353827E-03 -4.818912674E-03 
        55 -5.701844115E-03  1.227027769E-05  6.005380669E-05 -5.732217633E-03 
        56 -5.633361172E-03  3.856752664E-05  5.134376603E-05 -5.633311034E-03 
        57 -5.538020283E-03  5.784434325E-05  4.459777306E-05 -5.537449764E-03 
        58 -5.446223542E-03  6.412011862E-05  4.492314267E-05 -5.441885650E-03 
        59 -5.350525491E-03  6.357014354E-05  5.082560188E-05 -5.345947182E-03 
