cellnumber     x-coordinate     y-coordinate     y-coordinate     x-coordinate 
         1 -4.163679201E-03  1.991492929E-03  1.931636683E-03 -4.211520295E-03 
         2 -4.108009860E-03  1.967009855E-03  1.933075753E-03 -4.109019672E-03 
         3 -4.040509928E-03  1.975517021E-03  1.934369578E-03 -4.006508197E-03 
         4 -3.063929034E-03  1.991096884E-03  1.941788315E-03 -3.105180951E-03 
         5 -2.997318516E-03  1.981408102E-03  1.939727861E-03 -3.005310109E-03 
         6 -2.903074492E-03  1.990311313E-03  1.935561470E-03 -2.904892689E-03 
         7  7.083683158E-04  2.154342383E-06  2.376551705E-05  7.244123886E-04 
         8  6.673608441E-04  8.982940926E-06  2.274665324E-05  6.657491188E-04 
         9  6.038686261E-04  1.221122875E-05  2.138182500E-05  6.018984717E-04 
        10  1.816401957E-03  2.306417591E-04  2.266481103E-04  1.821234054E-03 
        11  1.838429482E-03  2.497456153E-04  2.643540103E-04  1.814250299E-03 
        12  1.849729801E-03  2.510073828E-04  2.686372979E-04  1.857296296E-03 
        13  1.875165384E-03  2.211200190E-04  2.249752392E-04  1.868745874E-03 
        14  1.746755792E-03  3.632891458E-04  3.637452039E-04  1.739624176E-03 
        15  1.792135881E-03  3.796262899E-04  3.588932654E-04  1.791440332E-03 
        16  1.825612038E-03  3.811765928E-04  3.604014303E-04  1.844721248E-03 
        17  1.850743894E-03  3.975318104E-04  4.077900278E-04  1.844233139E-03 
        18  1.891656430E-03  3.962864284E-04  4.024554091E-04  1.894545513E-03 
        19  1.912767417E-03  3.824219748E-04  3.592208367E-04  1.886748682E-03 
        20  1.925697550E-03  3.688543220E-04  3.541963571E-04  1.920648751E-03 
        21  1.958483132E-03  8.031693142E-05  8.091219465E-05  1.957743481E-03 
        22  2.018139930E-03  8.741849888E-05  9.041714092E-05  2.019015436E-03 
        23  2.087849192E-03  9.553576092E-05  9.321694742E-05  2.087244387E-03 
        24  2.151885768E-03  7.513820310E-05  8.927237462E-05  2.158173226E-03 
        25  2.190104686E-03  3.480478335E-05  2.897047908E-05  2.166466837E-03 
        26  2.206909470E-03  5.597582003E-06  3.033947023E-05  2.234936416E-03 
        27  2.161541954E-03  3.833257360E-04  4.026644760E-04  2.145871991E-03 
        28  2.172152977E-03  3.846657928E-04  3.638377693E-04  2.182290079E-03 
        29  2.178015187E-03  3.923678887E-04  3.762111544E-04  2.194016332E-03 
        30  2.180554671E-03  4.105822300E-04  4.274307306E-04  2.172324708E-03 
        31  2.340971259E-03  5.364859826E-04  5.419880793E-04  2.321715428E-03 
        32  2.258829772E-03  7.310828078E-04  7.151286315E-04  2.239451992E-03 
        33 -1.006769482E-03  7.859075413E-05  6.636507486E-05 -1.005326591E-03 
        34 -9.017505799E-04  7.654776709E-05  6.680606303E-05 -9.013910211E-04 
        35 -7.969615399E-04  7.485130482E-05  6.575810028E-05 -7.972552363E-04 
        36 -6.927729119E-04  7.245896268E-05  6.355081433E-05 -6.935649223E-04 
        37 -5.891699111E-04  7.068700506E-05  6.038485763E-05 -5.907983585E-04 
        38 -4.849194374E-04  7.152613398E-05  5.539476994E-05 -4.882335345E-04 
        39 -3.824168525E-04  8.056805382E-05  4.835427240E-05 -3.882786737E-04 
        40 -3.304250422E-04  8.911342593E-05  4.217445575E-05 -2.899144977E-04 
        41 -2.797847264E-04  9.513843543E-05  1.281231806E-04 -2.752816664E-04 
        42 -1.817539596E-04  1.158919549E-04  1.108253011E-04 -1.840752402E-04 
        43 -1.297293202E-04  1.327810314E-04  9.693807319E-05 -1.022720959E-04 
        44 -9.190714627E-05  1.428059477E-04  1.562393313E-04 -8.961924719E-05 
        45 -4.089963113E-05  1.611392945E-04  1.429506679E-04 -2.640014050E-05 
        46 -8.086814887E-06  1.772117394E-04  1.926155920E-04 -1.566857720E-05 
        47  4.132455433E-05  1.942821837E-04  1.880186171E-04  3.887628747E-05 
        48  7.636866212E-05  2.060493280E-04  2.417783347E-04  4.495860527E-05 
        49  8.207331121E-05  2.074546355E-04  2.489255570E-04  9.405898740E-05 
        50  1.031451466E-04  2.861520989E-05  2.794200578E-05  1.007808420E-04 
        51  2.411481255E-04  1.812681148E-04  1.930118503E-04  2.622026838E-04 
        52  2.666252258E-04  1.401180052E-04  1.408289672E-04  2.717250439E-04 
        53  2.878852829E-04  1.000669436E-04  8.822211316E-05  2.654353734E-04 
        54  3.091254621E-04  7.189518510E-05  8.110587978E-05  3.211743461E-04 
        55  3.363546275E-04  4.413864735E-05  2.775908311E-05  3.200411847E-04 
        56  3.777469683E-04  2.156395567E-05  2.357188179E-05  3.768744278E-04 
        57  4.317719431E-04  5.175424121E-06  1.961275604E-05  4.300925550E-04 
        58  2.023751440E-04  2.884573769E-05  2.931386421E-05  2.067113238E-04 
        59  5.128411576E-04  5.246371870E-08  1.937761130E-05  4.826194126E-04 
        60  5.444184644E-04  5.435094863E-06  1.926840855E-05  5.412139952E-04 
        61 -2.280610846E-03  1.073033854E-05  7.311501499E-05 -2.316820890E-03 
        62 -2.210667823E-03  3.867483611E-05  7.043852328E-05 -2.213196658E-03 
        63 -2.109995577E-03  5.893147318E-05  6.674919455E-05 -2.110809722E-03 
        64 -2.008729381E-03  6.541076436E-05  6.249115734E-05 -2.009269490E-03 
        65 -1.909651328E-03  7.368174556E-05  5.855735120E-05 -1.909155614E-03 
        66 -1.811738010E-03  8.563019946E-05  5.673498202E-05 -1.809930395E-03 
        67 -1.713076606E-03  9.659350326E-05  5.515330775E-05 -1.709579807E-03 
        68 -1.613421366E-03  1.025401143E-04  5.457516422E-05 -1.609092055E-03 
        69 -1.515348558E-03  1.066118202E-04  5.383556151E-05 -1.509067679E-03 
        70 -1.467273105E-03  1.085929689E-04  1.628884477E-04 -1.521335975E-03 
        71 -1.466220943E-03  1.086189586E-04  1.617335276E-04 -1.426165312E-03 
        72 -1.417461201E-03  1.093297469E-04  5.490773208E-05 -1.410009075E-03 
        73 -1.318374067E-03  1.048202175E-04  5.715688499E-05 -1.310405891E-03 
        74 -1.215570373E-03  9.297517681E-05  6.005970237E-05 -1.209844188E-03 
        75 -1.111631165E-03  8.314677689E-05  6.361088174E-05 -1.108407631E-03 
        76 -2.476742491E-03  1.977478154E-03  1.934575948E-03 -2.495273050E-03 
        77 -2.391173970E-03  1.950709033E-03  1.936099255E-03 -2.392953671E-03 
        78 -2.288937336E-03  1.945454162E-03  1.936053435E-03 -2.289587949E-03 
        79 -2.185346326E-03  1.943718875E-03  1.934468811E-03 -2.185353151E-03 
        80 -2.081583720E-03  1.942000468E-03  1.932282097E-03 -2.081243068E-03 
        81 -1.977951732E-03  1.939938404E-03  1.931099759E-03 -1.977459928E-03 
        82 -1.874536625E-03  1.937550958E-03  1.931720263E-03 -1.874312453E-03 
        83 -1.770686242E-03  1.934836968E-03  1.935050064E-03 -1.771475459E-03 
        84 -1.667585806E-03  1.929230639E-03  1.942464568E-03 -1.670585838E-03 
        85  2.098819707E-03  1.224863809E-03  1.208836716E-03  2.101796188E-03 
        86  2.065330744E-03  1.230033231E-03  1.204625515E-03  2.054019604E-03 
        87  2.032814780E-03  1.245962689E-03  1.249420116E-03  2.035379048E-03 
        88  2.000218490E-03  1.263467013E-03  1.242138010E-03  1.990493966E-03 
        89  1.979656518E-03  1.274477458E-03  1.295998047E-03  1.986192029E-03 
        90  1.946546952E-03  1.296299859E-03  1.293450380E-03  1.947334496E-03 
        91  1.922233379E-03  1.313425018E-03  1.286512580E-03  1.897934296E-03 
        92  1.901131705E-03  1.338559203E-03  1.335760989E-03  1.891637732E-03 
        93  1.874934766E-03  1.368204597E-03  1.377934128E-03  1.894362010E-03 
        94  1.849869615E-03  1.395510044E-03  1.393045398E-03  1.847366747E-03 
        95  1.819421886E-03  1.426775008E-03  1.408633721E-03  1.805100119E-03 
        96  1.795068150E-03  1.449079602E-03  1.458946259E-03  1.808596001E-03 
        97  1.766280388E-03  1.475646277E-03  1.466399391E-03  1.762134212E-03 
        98  1.746520749E-03  1.493826741E-03  1.517480735E-03  1.770494178E-03 
        99  1.725694514E-03  1.515053329E-03  1.524655038E-03  1.727520347E-03 
       100  2.037522150E-03  1.265879604E-03  1.249420116E-03  2.035379048E-03 
       101  2.012655139E-03  1.299358206E-03  1.299073048E-03  2.020257754E-03 
       102  2.003840404E-03  1.330591622E-03  1.357473860E-03  2.022891454E-03 
       103  2.004285343E-03  1.362355892E-03  1.357796561E-03  1.991993022E-03 
       104  2.009358723E-03  1.400712994E-03  1.403061180E-03  1.993452252E-03 
       105  2.013234189E-03  1.430445118E-03  1.444602383E-03  2.025979133E-03 
       106  1.857428811E-03  1.618993352E-03  1.615014651E-03  1.856528149E-03 
       107  1.804853790E-03  1.644333126E-03  1.641236910E-03  1.805098654E-03 
       108  1.785845845E-03  1.683709212E-03  1.674905581E-03  1.747979358E-03 
       109  1.769882045E-03  1.711898833E-03  1.719651303E-03  1.773429624E-03 
       110  1.759471023E-03  1.757735008E-04  1.573980741E-04  1.742838923E-03 
       111  1.758488477E-03  1.795991993E-04  1.829591379E-04  1.764599284E-03 
       112  1.795180608E-03  2.084439620E-04  2.086810152E-04  1.786066672E-03 
       113  1.271612593E-03  1.404910017E-05  2.781562399E-05  1.291423479E-03 
       114  1.239064266E-03  1.404910017E-05  2.564670187E-05  1.216729608E-03 
       115 -2.816406079E-03  1.121970581E-05  4.912679422E-05 -2.825656849E-03 
       116 -2.919077873E-03  2.741695243E-05  4.152960011E-05 -2.921255581E-03 
       117 -3.015957307E-03  3.513379488E-05  4.077177812E-05 -3.017093035E-03 
       118 -3.112202277E-03  4.013397484E-05  4.724476742E-05 -3.112842704E-03 
       119 -3.209604649E-03  2.119742567E-05  5.527762229E-05 -3.210920916E-03 
       120 -4.456195980E-03  2.193418186E-05  5.780932662E-05 -4.424947168E-03 
       121 -4.506472964E-03  2.193418186E-05  5.596906824E-05 -4.526306414E-03 
       122  1.422718633E-03  1.721829991E-03  1.734941224E-03  1.424706626E-03 
       123  1.420081244E-03  1.706065377E-03  1.686055091E-03  1.413624910E-03 
       124  1.575189992E-03  1.713021775E-03  1.712561603E-03  1.569663486E-03 
       125  1.592034125E-03  1.697949250E-03  1.679761024E-03  1.569925101E-03 
       126  1.603101613E-03  1.683307579E-03  1.685627301E-03  1.617964135E-03 
       127  1.653867774E-03  1.766661298E-03  1.782199968E-03  1.660432579E-03 
       128  1.681631547E-03  1.754533849E-03  1.727118653E-03  1.667279858E-03 
       129  1.712192548E-03  1.745008864E-03  1.730930592E-03  1.714327700E-03 
       130  1.744463108E-03  1.739615574E-03  1.745547993E-03  1.743784054E-03 
       131  1.890723594E-03  1.603294862E-03  1.604245507E-03  1.900694087E-03 
       132  2.284599235E-03  1.809222274E-03  1.811524261E-03  2.267541019E-03 
       133  2.292652149E-03  1.819058903E-03  1.829445302E-03  2.281740216E-03 
       134  2.301061293E-03  1.828339533E-03  1.819129066E-03  2.323892695E-03 
       135  2.304899041E-03  1.858927775E-03  1.864089860E-03  2.315357995E-03 
       136  2.281231107E-03  1.886848360E-03  1.902874782E-03  2.287559326E-03 
       137  2.245455049E-03  1.883312245E-03  1.862002734E-03  2.245510248E-03 
       138  2.231649822E-03  1.883044140E-03  1.906242579E-03  2.234030640E-03 
       139  2.474086592E-03  1.476408564E-03  1.480862986E-03  2.473401436E-03 
       140  2.492813626E-03  1.654476160E-03  1.630363279E-03  2.482504080E-03 
       141  2.474500332E-03  1.660755603E-03  1.679062906E-03  2.481335120E-03 
       142  2.450077096E-03  1.663483912E-03  1.661777543E-03  2.450342357E-03 
       143  2.477904549E-03  1.410827506E-03  1.430629914E-03  2.478038126E-03 
       144  2.223990159E-03  1.936170738E-03  1.946676450E-03  2.214724454E-03 
       145  2.241588198E-03  1.947470126E-03  1.931992025E-03  2.252077452E-03 
       146  2.254093532E-03  1.976026921E-03  1.976347358E-03  2.250814214E-03 
       147  2.179055940E-03  1.243930194E-03  1.236498067E-03  2.201522972E-03 
       148  2.149857813E-03  1.227179077E-03  1.215374343E-03  2.154219093E-03 
       149  2.468157094E-03  9.126500227E-04  9.186405087E-04  2.467038520E-03 
       150  2.410609741E-03  8.903907728E-04  9.061622691E-04  2.410611837E-03 
       151  2.384135034E-03  8.664276102E-04  8.885825418E-04  2.360262536E-03 
       152  2.367370995E-03  8.315721643E-04  8.306269191E-04  2.354383349E-03 
       153  2.333571669E-03  7.874259609E-04  7.771843157E-04  2.343344654E-03 
       154  2.292419784E-03  7.571414462E-04  7.731424081E-04  2.290297420E-03 
       155  2.260264941E-03  7.372234249E-04  7.663370685E-04  2.249834094E-03 
       156  2.081623301E-03  1.618967392E-03  1.645020803E-03  2.057695175E-03 
       157  2.095008967E-03  1.617105561E-03  1.637651436E-03  2.120974613E-03 
       158  2.123894636E-03  1.603191951E-03  1.594385786E-03  2.113121066E-03 
       159  2.163934289E-03  1.577885821E-03  1.578827015E-03  2.164550487E-03 
       160  2.189156134E-03  1.555695548E-03  1.560635545E-03  2.212241754E-03 
       161  2.184786368E-03  1.547783846E-03  1.526256395E-03  2.194044070E-03 
       162  2.151224064E-03  1.553120674E-03  1.537415746E-03  2.140568130E-03 
       163  2.106335247E-03  1.566616003E-03  1.555563887E-03  2.105372782E-03 
       164  2.080996288E-03  1.577244257E-03  1.551537216E-03  2.070480344E-03 
       165  2.076829551E-03  1.598828705E-03  1.599528329E-03  2.063402677E-03 
       166  5.060855765E-04  1.999355620E-03  1.972141317E-03  5.472809736E-04 
       167  4.700077407E-04  1.974500949E-03  1.974844604E-03  4.631898431E-04 
       168  4.227836907E-04  1.941344119E-03  1.926672699E-03  4.543770204E-04 
       169  4.002017085E-04  1.908565406E-03  1.912972231E-03  3.935666735E-04 
       170  3.761364205E-04  1.867480110E-03  1.859741076E-03  3.878779436E-04 
       171  1.838396856E-04  1.836909214E-03  1.827176184E-03  1.726120209E-04 
       172  1.452169381E-04  1.858760719E-03  1.877753079E-03  1.572261929E-04 
       173  1.043109514E-04  1.881103381E-03  1.869255230E-03  1.027193741E-04 
       174  6.971223047E-05  1.895737834E-03  1.922587147E-03  9.292035272E-05 
       175  2.459894313E-05  1.910873689E-03  1.913217268E-03  2.418366512E-05 
       176 -4.615989019E-05  1.927977894E-03  1.901941876E-03 -5.184226983E-05 
       177 -8.974024240E-05  1.937504741E-03  1.967698909E-03 -6.296029824E-05 
       178 -1.507536654E-04  1.948472694E-03  1.961727822E-03 -1.543619787E-04 
       179 -2.522266295E-04  1.954937587E-03  1.952891398E-03 -2.536683967E-04 
       180 -3.571370034E-04  1.955356682E-03  1.944888835E-03 -3.576104262E-04 
       181 -4.615974030E-04  1.958816778E-03  1.937868019E-03 -4.625970964E-04 
       182 -5.653260159E-04  1.964015886E-03  1.933420872E-03 -5.677151537E-04 
       183 -6.684759865E-04  1.962865237E-03  1.931035804E-03 -6.720340127E-04 
       184 -7.720347494E-04  1.957387431E-03  1.929621388E-03 -7.762373276E-04 
       185 -8.763468359E-04  1.951842336E-03  1.929185365E-03 -8.805429480E-04 
       186 -9.813758079E-04  1.946545206E-03  1.931300447E-03 -9.845805923E-04 
       187 -1.087037730E-03  1.941972878E-03  1.936006340E-03 -1.087852054E-03 
       188 -1.193150179E-03  1.933493069E-03  1.943793790E-03 -1.188405186E-03 
       189 -1.283951569E-03  1.916480483E-03  1.951891793E-03 -1.285628838E-03 
       190 -1.335413428E-03  1.904706121E-03  1.852236959E-03 -1.322700402E-03 
       191 -1.392552163E-03  1.902931370E-03  1.874523444E-03 -1.398003815E-03 
       192 -1.477329526E-03  1.904048375E-03  1.874830866E-03 -1.474881274E-03 
       193 -1.529183239E-03  1.906200428E-03  1.850798777E-03 -1.553051966E-03 
       194 -1.578181167E-03  1.915720641E-03  1.951318214E-03 -1.572415930E-03 
