cellnumber     x-coordinate     y-coordinate     y-coordinate     x-coordinate 
         1 -4.852854181E-03  1.580755343E-03  1.555650377E-03 -4.876220165E-03 
         2 -4.749869462E-03  1.494846307E-03  1.455081039E-03 -4.775264119E-03 
         3 -4.641648382E-03  1.368723111E-03  1.379873922E-03 -4.628630868E-03 
         4 -4.571070429E-03  1.227334724E-03  1.201696652E-03 -4.652145672E-03 
         5 -4.536820576E-03  1.123241032E-03  1.183730073E-03 -4.467946919E-03 
         6 -4.540473688E-03  1.038874616E-03  9.623946879E-04 -4.461215170E-03 
         7 -4.573138896E-03  9.295988129E-04  9.839778418E-04 -4.647044933E-03 
         8 -4.649503622E-03  7.795569254E-04  7.819549564E-04 -4.651997073E-03 
         9 -4.724419210E-03  6.784362486E-04  5.751065237E-04 -4.656015426E-03 
        10 -4.812289029E-03  6.059837178E-04  6.079157549E-04 -4.813900291E-03 
        11 -4.898697603E-03  5.367955891E-04  6.187289474E-04 -4.956766110E-03 
        12 -4.965213127E-03  4.860056506E-04  4.654644408E-04 -4.956779294E-03 
        13 -5.056397058E-03  4.217753012E-04  4.681654783E-04 -5.087286010E-03 
        14 -5.115420558E-03  3.785234294E-04  3.329794739E-04 -5.075513171E-03 
        15 -5.198935978E-03  3.271941678E-04  3.244500904E-04 -5.199479108E-03 
        16 -5.316526629E-03  2.748144907E-04  3.010860636E-04 -5.325380697E-03 
        17 -6.217235699E-03  1.987706171E-03  1.942084476E-03 -6.241432963E-03 
        18 -6.136216689E-03  1.963007497E-03  1.944167968E-03 -6.138718099E-03 
        19 -6.035740487E-03  1.946427859E-03  1.948080179E-03 -6.036384771E-03 
        20 -5.939553492E-03  1.939238980E-03  1.952643376E-03 -5.937578608E-03 
        21 -5.844462197E-03  1.937238616E-03  1.950483939E-03 -5.840505752E-03 
        22 -5.744696129E-03  1.938040252E-03  1.944291145E-03 -5.741907226E-03 
        23 -5.642313976E-03  1.933941501E-03  1.936661234E-03 -5.640823781E-03 
        24 -5.539237987E-03  1.917982707E-03  1.932288155E-03 -5.536746068E-03 
        25 -5.455706734E-03  1.884668251E-03  1.930799866E-03 -5.431590773E-03 
        26 -5.403995514E-03  1.856832998E-03  1.795993062E-03 -5.445236497E-03 
        27 -5.328432657E-03  1.835627714E-03  1.798247122E-03 -5.329769660E-03 
        28 -5.213321187E-03  1.802159823E-03  1.806866697E-03 -5.215519503E-03 
        29 -5.136493128E-03  1.772287418E-03  1.821575003E-03 -5.106552133E-03 
        30 -5.067700986E-03  1.731027151E-03  1.709263963E-03 -5.079481410E-03 
        31 -5.001767073E-03  1.688590157E-03  1.736516828E-03 -4.983996371E-03 
        32 -4.943120759E-03  1.644870266E-03  1.641118942E-03 -4.942086834E-03 
        33 -6.640078034E-03  2.421811951E-05  5.527185840E-05 -6.640630413E-03 
        34 -6.544312928E-03  4.784130579E-05  4.872757658E-05 -6.545017618E-03 
        35 -6.448087282E-03  4.590111712E-05  4.874166777E-05 -6.448031453E-03 
        36 -6.348751951E-03  4.400598846E-05  5.285901885E-05 -6.349655635E-03 
        37 -6.247220095E-03  4.130242451E-05  5.797063282E-05 -6.249329998E-03 
        38 -6.144474261E-03  3.807725807E-05  6.211032921E-05 -6.147200541E-03 
        39 -6.041647866E-03  3.883586760E-05  6.627403822E-05 -6.043387808E-03 
        40 -5.938508082E-03  4.645373701E-05  6.868406450E-05 -5.938978828E-03 
        41 -5.833846983E-03  6.330930773E-05  6.710090730E-05 -5.834726738E-03 
        42 -5.745175760E-03  9.565917571E-05  6.005380669E-05 -5.732217633E-03 
        43 -5.690109916E-03  1.246171014E-04  1.825888363E-04 -5.715459715E-03 
        44 -5.619872361E-03  1.636529778E-04  1.570969660E-04 -5.618598688E-03 
        45 -5.562372040E-03  1.979542430E-04  2.581640819E-04 -5.578051527E-03 
        46 -5.511867348E-03  2.126941981E-04  2.065928458E-04 -5.502838823E-03 
        47 -5.421321373E-03  2.383390965E-04  2.585098211E-04 -5.430574435E-03 
