cellnumber     x-coordinate     y-coordinate     y-coordinate     x-coordinate 
         1 -4.717497155E-03  1.966899028E-03  1.945594745E-03 -4.718454719E-03 
         2 -4.616642371E-03  1.968188910E-03  1.941195501E-03 -4.618455788E-03 
         3 -4.515526351E-03  1.968119759E-03  1.936762355E-03 -4.517952941E-03 
         4 -4.414386582E-03  1.962338807E-03  1.933136697E-03 -4.416522146E-03 
         5 -4.313012585E-03  1.951667247E-03  1.931426409E-03 -4.314333929E-03 
         6 -4.210912623E-03  1.943601645E-03  1.931636683E-03 -4.211520295E-03 
         7 -4.108652472E-03  1.939913491E-03  1.933075753E-03 -4.109019672E-03 
         8 -4.006339237E-03  1.937422319E-03  1.934369578E-03 -4.006508197E-03 
         9 -3.904604120E-03  1.934490167E-03  1.936141286E-03 -3.904823046E-03 
        10 -3.804433392E-03  1.929747174E-03  1.938266303E-03 -3.804586373E-03 
        11 -3.706385382E-03  1.920471434E-03  1.940709876E-03 -3.705521991E-03 
        12 -3.610736923E-03  1.907926286E-03  1.941697752E-03 -3.607061421E-03 
        13 -3.515290329E-03  1.904769335E-03  1.938766576E-03 -3.509147931E-03 
        14 -3.409891389E-03  1.905539306E-03  1.932905906E-03 -3.406640362E-03 
        15 -3.318349831E-03  1.890340238E-03  1.937228295E-03 -3.300266113E-03 
        16 -3.265764797E-03  1.875334070E-03  1.809831896E-03 -3.294728159E-03 
        17 -3.205661895E-03  1.865206403E-03  1.833132486E-03 -3.204367597E-03 
        18 -3.118906869E-03  1.854405506E-03  1.835596545E-03 -3.118652356E-03 
        19 -3.026140854E-03  1.844410552E-03  1.817102320E-03 -3.031397520E-03 
        20 -2.927825553E-03  1.826026943E-03  1.804866979E-03 -2.932343393E-03 
        21 -2.824340947E-03  1.806355198E-03  1.798346128E-03 -2.825612704E-03 
        22 -2.719272161E-03  1.785455155E-03  1.796212136E-03 -2.718328058E-03 
        23 -2.452881308E-03  3.472188837E-04  3.697733932E-04 -2.454968943E-03 
        24 -2.331918804E-03  3.669492144E-04  3.662185855E-04 -2.332841970E-03 
        25 -2.230112208E-03  3.979681933E-04  3.520143230E-04 -2.212597215E-03 
        26 -2.166004386E-03  4.245483142E-04  4.965748243E-04 -2.196300302E-03 
        27 -2.072502393E-03  4.517684865E-04  4.650286524E-04 -2.072920559E-03 
        28 -1.975613646E-03  4.789583036E-04  4.173342036E-04 -1.946427311E-03 
        29 -1.880815835E-03  5.179920699E-04  5.513027783E-04 -1.889974474E-03 
        30 -1.791166840E-03  5.724132061E-04  5.081944410E-04 -1.765897384E-03 
        31 -1.707345014E-03  6.269779406E-04  6.336628596E-04 -1.703176576E-03 
        32 -1.571760862E-03  7.130411104E-04  7.314836852E-04 -1.576639723E-03 
        33 -1.449730014E-03  8.314224542E-04  7.955271984E-04 -1.392863480E-03 
        34 -1.389589394E-03  1.013868838E-03  1.009203752E-03 -1.397937173E-03 
        35 -1.414090046E-03  1.213854644E-03  1.240063513E-03 -1.356716946E-03 
        36 -1.460661530E-03  1.326503931E-03  1.251281120E-03 -1.543600492E-03 
        37 -1.558036893E-03  1.424763119E-03  1.390946185E-03 -1.615302864E-03 
        38 -1.709464472E-03  1.514088712E-03  1.546881967E-03 -1.685007620E-03 
        39 -1.842012396E-03  1.558620483E-03  1.508885932E-03 -1.845175443E-03 
        40 -1.913484768E-03  1.584375510E-03  1.652610595E-03 -1.855339528E-03 
        41 -1.976673026E-03  1.613305649E-03  1.656135306E-03 -1.975000886E-03 
        42 -2.094657859E-03  1.652515493E-03  1.670428292E-03 -2.091832782E-03 
        43 -2.207079437E-03  1.668999670E-03  1.689752994E-03 -2.203074674E-03 
        44 -2.313107485E-03  1.674953382E-03  1.706514208E-03 -2.308241856E-03 
        45 -2.410342684E-03  1.689356286E-03  1.708873001E-03 -2.409373332E-03 
        46 -2.508244477E-03  1.712082187E-03  1.694345655E-03 -2.508386553E-03 
        47 -2.584963338E-03  1.728887786E-03  1.676729652E-03 -2.616739931E-03 
        48 -2.638150239E-03  1.754262601E-03  1.799962270E-03 -2.611890894E-03 
        49 -2.571657067E-03  3.268625878E-04  3.602622400E-04 -2.576922968E-03 
        50 -2.689408604E-03  3.055816342E-04  3.375554304E-04 -2.696750642E-03 
        51 -2.809530357E-03  2.854102640E-04  3.020632581E-04 -2.813140606E-03 
        52 -2.919731429E-03  2.727532701E-04  2.514614593E-04 -2.912482779E-03 
        53 -2.983321436E-03  2.671928087E-04  3.451552469E-04 -2.994928149E-03 
        54 -3.060937161E-03  2.465354337E-04  2.440689218E-04 -3.061257662E-03 
        55 -3.140846733E-03  2.241995244E-04  2.861603377E-04 -3.164992166E-03 
        56 -3.199940547E-03  2.011342585E-04  1.685867443E-04 -3.193051086E-03 
        57 -3.298595548E-03  1.726918272E-04  1.837645910E-04 -3.297713355E-03 
        58 -3.411252517E-03  1.510455913E-04  1.897839946E-04 -3.409442843E-03 
        59 -3.518467303E-03  1.318282884E-04  1.873953780E-04 -3.522972421E-03 
        60 -3.572877264E-03  1.229873305E-04  6.380833434E-05 -3.520089625E-03 
        61 -3.583007026E-03  1.221634302E-04  5.980250934E-05 -3.623612789E-03 
        62 -3.636247246E-03  1.199098770E-04  1.761512910E-04 -3.635300930E-03 
        63 -3.729671938E-03  1.150749304E-04  1.566616228E-04 -3.735074276E-03 
        64 -3.824365325E-03  1.079727299E-04  1.445315329E-04 -3.824581034E-03 
        65 -3.875489347E-03  1.028683619E-04  1.532715145E-04 -3.914510709E-03 
        66 -3.923600540E-03  8.957730461E-05  5.225894635E-05 -3.921222529E-03 
        67 -4.019149579E-03  7.057700714E-05  5.689246147E-05 -4.020525214E-03 
        68 -4.121067468E-03  6.121696788E-05  6.073745610E-05 -4.121556536E-03 
        69 -4.223162774E-03  5.650061212E-05  6.198469455E-05 -4.222944128E-03 
        70 -4.324643407E-03  5.412571045E-05  6.007520483E-05 -4.324261684E-03 
        71 -4.425328225E-03  5.188203795E-05  5.780932662E-05 -4.424947168E-03 
        72 -4.526639357E-03  5.032051195E-05  5.596906824E-05 -4.526306414E-03 
        73 -4.628161434E-03  4.187060767E-05  5.666467444E-05 -4.629023667E-03 
        74 -4.712005612E-03  1.685352254E-05  6.050692886E-05 -4.730923795E-03 
        75 -5.284824874E-03  1.994566759E-03  1.931409215E-03 -5.326042501E-03 
        76 -5.221285392E-03  1.989486162E-03  1.934327000E-03 -5.221331158E-03 
        77 -5.163712893E-03  1.994919265E-03  1.938990709E-03 -5.118253907E-03 
        78 -4.870879930E-03  1.997299027E-03  1.948290908E-03 -4.918495029E-03 
        79 -4.817510955E-03  1.980488887E-03  1.948353827E-03 -4.818912674E-03 
        80 -5.619335920E-03  2.290895645E-05  5.134376603E-05 -5.633311034E-03 
        81 -5.537345540E-03  4.869434269E-05  4.459777306E-05 -5.537449764E-03 
        82 -5.443995818E-03  5.257943849E-05  4.492314267E-05 -5.441885650E-03 
        83 -5.369859748E-03  2.679405407E-05  5.082560188E-05 -5.345947182E-03 
