cellnumber     x-coordinate     y-coordinate     y-coordinate     x-coordinate 
         1 -4.726210609E-03  1.868197578E-03  1.837029221E-03 -4.729127308E-03 
         2 -4.629308358E-03  1.847736654E-03  1.821740042E-03 -4.632239029E-03 
         3 -4.530108999E-03  1.827400643E-03  1.807912195E-03 -4.531995633E-03 
         4 -4.428080283E-03  1.809488400E-03  1.797647946E-03 -4.429016043E-03 
         5 -4.323123023E-03  1.791513409E-03  1.792723670E-03 -4.323207242E-03 
         6 -4.221242853E-03  1.754457946E-03  1.794125837E-03 -4.216180712E-03 
         7 -4.167946056E-03  1.725680428E-03  1.658292612E-03 -4.217215576E-03 
         8 -4.108735360E-03  1.704141963E-03  1.663210260E-03 -4.107288071E-03 
         9 -4.000276327E-03  1.643234864E-03  1.667676903E-03 -3.999457579E-03 
        10 -3.943316638E-03  1.600352465E-03  1.535565147E-03 -3.990488873E-03 
        11 -3.882975783E-03  1.560398960E-03  1.536702141E-03 -3.881057980E-03 
        12 -3.797342302E-03  1.496128156E-03  1.541560749E-03 -3.773727553E-03 
        13 -3.734496422E-03  1.435458078E-03  1.395437991E-03 -3.756614429E-03 
        14 -3.660663497E-03  1.356265158E-03  1.395346094E-03 -3.636548148E-03 
        15 -3.594650654E-03  1.245082472E-03  1.225897110E-03 -3.629252174E-03 
        16 -3.549164394E-03  1.146863215E-03  1.201901849E-03 -3.484844302E-03 
        17 -3.520383732E-03  9.936852148E-04  9.839461606E-04 -3.501481921E-03 
        18 -3.573643044E-03  8.121181745E-04  7.712934869E-04 -3.539878169E-03 
        19 -3.688613884E-03  7.044261438E-04  7.721813382E-04 -3.729120565E-03 
        20 -3.777725622E-03  6.199020427E-04  5.601726403E-04 -3.722353444E-03 
        21 -3.894447116E-03  5.341447541E-04  5.633034030E-04 -3.909132129E-03 
        22 -3.997559194E-03  4.774763947E-04  4.113336370E-04 -3.939257317E-03 
        23 -4.090927541E-03  4.347643990E-04  4.381679116E-04 -4.093871364E-03 
        24 -4.193546716E-03  3.860530560E-04  4.376522754E-04 -4.221860375E-03 
        25 -4.252039362E-03  3.552256676E-04  3.094673853E-04 -4.219473331E-03 
        26 -4.330816679E-03  3.198212071E-04  2.998572884E-04 -4.329756886E-03 
        27 -4.436566494E-03  2.891511831E-04  2.808978991E-04 -4.434007076E-03 
        28 -4.531718325E-03  2.763634839E-04  2.521377413E-04 -4.528570380E-03 
        29 -4.624473397E-03  2.517691173E-04  2.551208485E-04 -4.622732314E-03 
        30 -4.680605605E-03  2.257047163E-04  2.909377611E-04 -4.723329979E-03 
        31 -4.735495429E-03  1.995136263E-04  1.772254117E-04 -4.732403490E-03 
        32 -4.837594926E-03  1.604747231E-04  1.899614240E-04 -4.839295510E-03 
        33 -4.913988058E-03  1.383692725E-04  1.975887156E-04 -4.949121145E-03 
        34 -4.965175409E-03  1.132735852E-04  6.643712700E-05 -4.937359311E-03 
        35 -5.044461228E-03  8.507198072E-05  6.693967668E-05 -5.041680553E-03 
        36 -5.147474818E-03  7.165658462E-05  6.473279037E-05 -5.145436630E-03 
        37 -5.251428112E-03  6.872636732E-05  5.901185833E-05 -5.247603241E-03 
        38 -6.090451498E-03  1.993444050E-03  1.944167968E-03 -6.138718099E-03 
        39 -6.033264566E-03  1.977280946E-03  1.948080179E-03 -6.036384771E-03 
        40 -5.935473368E-03  1.965860836E-03  1.952643376E-03 -5.937578608E-03 
        41 -5.837071221E-03  1.966925804E-03  1.950483939E-03 -5.840505752E-03 
        42 -5.735179409E-03  1.972683007E-03  1.944291145E-03 -5.741907226E-03 
        43 -5.632803310E-03  1.973396400E-03  1.936661234E-03 -5.640823781E-03 
        44 -5.531448871E-03  1.962831710E-03  1.932288155E-03 -5.536746068E-03 
        45 -5.429424811E-03  1.949021360E-03  1.930799866E-03 -5.431590773E-03 
        46 -5.325283390E-03  1.941767987E-03  1.931409215E-03 -5.326042501E-03 
        47 -5.220786668E-03  1.937585301E-03  1.934327000E-03 -5.221331158E-03 
        48 -5.117160734E-03  1.931244624E-03  1.938990709E-03 -5.118253907E-03 
        49 -5.015984643E-03  1.919878647E-03  1.944484711E-03 -5.017463170E-03 
        50 -4.936425481E-03  1.904238248E-03  1.948290908E-03 -4.918495029E-03 
        51 -4.889039788E-03  1.894376124E-03  1.850246914E-03 -4.917136210E-03 
        52 -4.822940100E-03  1.885464648E-03  1.848904220E-03 -4.824341183E-03 
        53 -6.300508045E-03  2.613198376E-06  5.285901885E-05 -6.349655635E-03 
        54 -6.279451307E-03  2.613198376E-06  5.797063282E-05 -6.249329998E-03 
        55 -5.723630544E-03  2.254472201E-05  6.005380669E-05 -5.732217633E-03 
        56 -5.632268731E-03  5.314047667E-05  5.134376603E-05 -5.633311034E-03 
        57 -5.538886879E-03  6.952822150E-05  4.459777306E-05 -5.537449764E-03 
        58 -5.448690616E-03  7.735448162E-05  4.492314267E-05 -5.441885650E-03 
        59 -5.353034474E-03  7.288750930E-05  5.082560188E-05 -5.345947182E-03 
