cellnumber     x-coordinate     y-coordinate     y-coordinate     x-coordinate 
         1 -7.015230134E-03  1.976700732E-03  1.945684832E-03 -7.039325207E-03 
         2 -6.940601859E-03  1.953195082E-03  1.949177057E-03 -6.940937222E-03 
         3 -6.844068412E-03  1.956218621E-03  1.951895744E-03 -6.844616968E-03 
         4 -6.748239044E-03  1.956246095E-03  1.949864175E-03 -6.748831175E-03 
         5 -6.650200579E-03  1.929463935E-03  1.945437433E-03 -6.647916601E-03 
         6 -6.590866484E-03  1.896927133E-03  1.943884588E-03 -6.546492771E-03 
         7 -6.548125762E-03  1.871362096E-03  1.830409732E-03 -6.564453132E-03 
         8 -6.466697436E-03  1.813141163E-03  1.827335805E-03 -6.464313164E-03 
         9 -6.417322438E-03  1.770848176E-03  1.724121253E-03 -6.469780340E-03 
        10 -6.367568392E-03  1.739571453E-03  1.713288207E-03 -6.369924784E-03 
        11 -6.293585058E-03  1.682812697E-03  1.713678914E-03 -6.266302406E-03 
        12 -6.247528363E-03  1.618067618E-03  1.601083119E-03 -6.275534843E-03 
        13 -6.214204244E-03  1.558873686E-03  1.597801495E-03 -6.161534385E-03 
        14 -6.169681903E-03  1.485583372E-03  1.475681959E-03 -6.178259832E-03 
        15 -6.111960392E-03  1.399331843E-03  1.435472563E-03 -6.053593135E-03 
        16 -6.057255901E-03  1.281755511E-03  1.292113620E-03 -6.112939507E-03 
        17 -6.027831696E-03  1.197137288E-03  1.259757205E-03 -5.925374887E-03 
        18 -7.116286084E-03  1.395093386E-05  6.824591689E-05 -7.153025150E-03 
        19 -7.047474384E-03  4.026664828E-05  7.130261585E-05 -7.048670775E-03 
        20 -6.943870336E-03  7.469634147E-05  7.181474448E-05 -6.944535300E-03 
        21 -6.868646946E-03  1.174294885E-04  6.939597676E-05 -6.840962208E-03 
        22 -6.810111459E-03  1.628641767E-04  2.053739688E-04 -6.827119103E-03 
        23 -6.734766997E-03  2.214928536E-04  1.927253859E-04 -6.720909748E-03 
        24 -6.662445609E-03  2.825518313E-04  3.230132284E-04 -6.689247263E-03 
        25 -6.592889316E-03  3.278471122E-04  2.861109285E-04 -6.571780882E-03 
        26 -6.483706646E-03  4.112506867E-04  4.201689543E-04 -6.505897037E-03 
        27 -6.389551796E-03  4.946677363E-04  5.786337122E-04 -6.437058422E-03 
        28 -6.311828271E-03  5.417570355E-04  5.007820042E-04 -6.296277156E-03 
        29 -6.222752854E-03  6.051993696E-04  5.771312931E-04 -6.149110830E-03 
        30 -6.129602436E-03  7.390077808E-04  7.464105249E-04 -6.178823204E-03 
        31 -6.065373309E-03  8.432773175E-04  7.555187803E-04 -5.971144432E-03 
        32 -6.018932443E-03  9.305851418E-04  9.271788737E-04 -5.957923617E-03 
        33 -6.002023816E-03  1.104744733E-03  1.096417095E-03 -5.939614899E-03 
