cellnumber     x-coordinate     y-coordinate     y-coordinate     x-coordinate 
         1 -4.366890993E-03  1.995547442E-03  1.933136697E-03 -4.416522146E-03 
         2 -4.346600734E-03  1.995547442E-03  1.931426409E-03 -4.314333929E-03 
         3 -4.080397543E-03  1.987327123E-03  1.933075753E-03 -4.109019672E-03 
         4 -4.006132949E-03  1.960055437E-03  1.934369578E-03 -4.006508197E-03 
         5 -3.904649755E-03  1.943907700E-03  1.936141286E-03 -3.904823046E-03 
         6 -3.804298583E-03  1.940862392E-03  1.938266303E-03 -3.804586373E-03 
         7 -3.705514828E-03  1.936636516E-03  1.940709876E-03 -3.705521991E-03 
         8 -3.608086845E-03  1.932457089E-03  1.941697752E-03 -3.607061421E-03 
         9 -3.510824405E-03  1.932472107E-03  1.938766576E-03 -3.509147931E-03 
        10 -3.406678094E-03  1.932591083E-03  1.932905906E-03 -3.406640362E-03 
        11 -3.299607895E-03  1.927667297E-03  1.937228295E-03 -3.300266113E-03 
        12 -3.203546163E-03  1.920894603E-03  1.943163964E-03 -3.201366508E-03 
        13 -3.109833458E-03  1.916399575E-03  1.941788315E-03 -3.105180951E-03 
        14 -3.010409418E-03  1.916795853E-03  1.939727861E-03 -3.005310109E-03 
        15 -2.909113420E-03  1.917443238E-03  1.935561470E-03 -2.904892689E-03 
        16 -2.806218574E-03  1.912766951E-03  1.932500257E-03 -2.802616471E-03 
        17 -2.703917446E-03  1.903760014E-03  1.932111083E-03 -2.699786421E-03 
        18 -6.767295417E-04  1.430194359E-03  1.414941266E-03 -6.895575731E-04 
        19 -6.076430436E-04  1.380981295E-03  1.448220003E-03 -5.558165841E-04 
        20 -5.524075241E-04  1.318443567E-03  1.320917355E-03 -5.367589368E-04 
        21 -4.944851389E-04  1.177373691E-03  1.170872142E-03 -5.015293140E-04 
        22 -4.951829324E-04  1.043531462E-03  1.055436330E-03 -4.380076690E-04 
        23 -5.421758979E-04  9.330344037E-04  8.947566699E-04 -5.090550184E-04 
        24 -5.976533284E-04  8.297436289E-04  8.973392836E-04 -6.611632941E-04 
        25 -1.076959190E-03  5.059147952E-04  4.574421966E-04 -1.037019887E-03 
        26 -1.009493368E-03  5.351440632E-04  5.975935816E-04 -1.033549055E-03 
        27 -9.050583467E-04  5.888813175E-04  5.772724204E-04 -9.029988690E-04 
        28 -8.338229381E-04  6.332768244E-04  7.216807854E-04 -8.603986968E-04 
        29 -7.784670452E-04  6.614225567E-04  6.711230652E-04 -7.674549339E-04 
        30 -6.763390265E-04  7.365978090E-04  7.069028036E-04 -6.585072462E-04 
        31 -2.438436262E-03  2.081275888E-04  2.201922154E-04 -2.440115159E-03 
        32 -2.327929949E-03  2.246994700E-04  2.186625499E-04 -2.328098011E-03 
        33 -2.229991602E-03  2.556045074E-04  2.112852275E-04 -2.217161031E-03 
        34 -2.172937617E-03  2.807062410E-04  3.520143230E-04 -2.212597215E-03 
        35 -2.102195751E-03  2.959123522E-04  3.312500706E-04 -2.099126022E-03 
        36 -2.001260407E-03  3.272429749E-04  3.029544401E-04 -1.995195726E-03 
        37 -1.930678613E-03  3.541347105E-04  4.173342036E-04 -1.946427311E-03 
        38 -1.859467360E-03  3.704413248E-04  3.519095714E-04 -1.855315360E-03 
        39 -1.754837227E-03  3.863150196E-04  3.893469520E-04 -1.756236354E-03 
        40 -1.638501300E-03  3.941181931E-04  3.987650529E-04 -1.637128831E-03 
        41 -1.506416593E-03  4.054649326E-04  3.957838067E-04 -1.512344797E-03 
        42 -1.414634171E-03  4.181944532E-04  3.575266357E-04 -1.405965067E-03 
        43 -1.317139948E-03  4.394238349E-04  4.244326933E-04 -1.305797156E-03 
        44 -1.169561641E-03  4.750370281E-04  4.548834980E-04 -1.167276196E-03 
        45 -2.603143454E-03  1.889772480E-03  1.933004749E-03 -2.597631251E-03 
        46 -2.538661472E-03  1.875031507E-03  1.934575948E-03 -2.495273050E-03 
        47 -2.488042926E-03  1.863876707E-03  1.807533011E-03 -2.506620354E-03 
        48 -2.401385456E-03  1.848591375E-03  1.814425294E-03 -2.403696474E-03 
        49 -2.298384905E-03  1.827377593E-03  1.814740996E-03 -2.299235548E-03 
        50 -2.192221582E-03  1.807009801E-03  1.808920785E-03 -2.191616715E-03 
        51 -2.083269646E-03  1.788298483E-03  1.800316934E-03 -2.082469901E-03 
        52 -1.972312341E-03  1.770682517E-03  1.794137860E-03 -1.972503144E-03 
        53 -1.871573040E-03  1.743487548E-03  1.793465804E-03 -1.863882839E-03 
        54 -1.814602991E-03  1.722031389E-03  1.652610595E-03 -1.855339528E-03 
        55 -1.726135146E-03  1.700245077E-03  1.673647406E-03 -1.725666230E-03 
        56 -1.619087299E-03  1.671061502E-03  1.714492021E-03 -1.604933788E-03 
        57 -1.538857003E-03  1.654516207E-03  1.615152290E-03 -1.546052270E-03 
        58 -2.547566313E-03  1.929841965E-04  2.134558165E-04 -2.551091762E-03 
        59 -2.655204153E-03  1.764303888E-04  1.989311877E-04 -2.660682491E-03 
        60 -2.760211471E-03  1.588721352E-04  1.782028234E-04 -2.766268784E-03 
        61 -2.859430853E-03  1.449715201E-04  1.519967680E-04 -2.860687855E-03 
        62 -2.937742043E-03  1.480931096E-04  1.245868552E-04 -2.938612863E-03 
        63 -2.980535384E-03  1.549073786E-04  1.949605707E-04 -2.983549814E-03 
        64 -3.022426972E-03  1.407103264E-04  1.214414492E-04 -3.016459697E-03 
        65 -3.102186602E-03  1.193880526E-04  1.454524803E-04 -3.098442181E-03 
        66 -3.166499082E-03  1.090387377E-04  1.685867443E-04 -3.193051086E-03 
        67 -3.219051054E-03  9.266488632E-05  5.527762229E-05 -3.210920916E-03 
        68 -3.310106695E-03  7.222379645E-05  6.199954715E-05 -3.311930414E-03 
        69 -3.415535903E-03  6.391060742E-05  6.462525821E-05 -3.415662322E-03 
        70 -3.520323662E-03  6.091783507E-05  6.380833434E-05 -3.520089625E-03 
        71 -3.624618752E-03  6.166983803E-05  5.980250934E-05 -3.623612789E-03 
        72 -3.725270275E-03  6.637660408E-05  5.360691041E-05 -3.723738008E-03 
        73 -3.822936444E-03  6.805636076E-05  5.102335929E-05 -3.822366682E-03 
        74 -3.920570947E-03  6.248118007E-05  5.225894635E-05 -3.921222529E-03 
        75 -4.019915126E-03  5.585937470E-05  5.689246147E-05 -4.020525214E-03 
        76 -4.121570382E-03  4.851711856E-05  6.073745610E-05 -4.121556536E-03 
        77 -4.223528318E-03  3.423221642E-05  6.198469455E-05 -4.222944128E-03 
        78 -4.324982408E-03  1.793227602E-05  6.007520483E-05 -4.324261684E-03 
        79 -4.425796680E-03  1.142423844E-05  5.780932662E-05 -4.424947168E-03 
        80 -4.500937648E-03  5.875236184E-06  5.596906824E-05 -4.526306414E-03 
        81 -5.160714500E-03  1.505055570E-05  6.473279037E-05 -5.145436630E-03 
        82 -5.237590987E-03  2.007411240E-05  5.901185833E-05 -5.247603241E-03 
        83 -5.085671321E-03  1.980156638E-03  1.938990709E-03 -5.118253907E-03 
        84 -5.017281976E-03  1.956368564E-03  1.944484711E-03 -5.017463170E-03 
        85 -4.918199498E-03  1.950680162E-03  1.948290908E-03 -4.918495029E-03 
        86 -4.843789153E-03  1.974468585E-03  1.948353827E-03 -4.818912674E-03 
        87 -7.463512593E-04  1.479199389E-03  1.542117418E-03 -6.937938242E-04 
        88 -8.238368318E-04  1.516628428E-03  1.525793439E-03 -8.249774301E-04 
        89 -9.517630679E-04  1.565389102E-03  1.521332281E-03 -9.596832584E-04 
        90 -1.033504726E-03  1.589923864E-03  1.530420846E-03 -1.096716922E-03 
        91 -1.094703679E-03  1.615167479E-03  1.662749056E-03 -1.061101053E-03 
        92 -1.187883317E-03  1.633689855E-03  1.684159892E-03 -1.181330519E-03 
        93 -1.256026793E-03  1.634671120E-03  1.559579817E-03 -1.236544091E-03 
        94 -1.346373465E-03  1.642456395E-03  1.616039874E-03 -1.358988624E-03 
        95 -1.454505138E-03  1.648005913E-03  1.685995259E-03 -1.449680351E-03 
        96 -5.394006148E-03  5.183223038E-06  4.492314267E-05 -5.441885650E-03 
        97 -5.335823633E-03  1.020677882E-05  5.082560188E-05 -5.345947182E-03 
