cellnumber     x-coordinate     y-coordinate     y-coordinate     x-coordinate 
         1 -4.064586479E-03  1.988376491E-03  1.933075753E-03 -4.109019672E-03 
         2 -4.006193019E-03  1.970126759E-03  1.934369578E-03 -4.006508197E-03 
         3 -3.943411633E-03  1.981750131E-03  1.936141286E-03 -3.904823046E-03 
         4 -2.849140204E-03  1.998618012E-03  1.935561470E-03 -2.904892689E-03 
         5 -2.797237830E-03  1.998618012E-03  1.932500257E-03 -2.802616471E-03 
         6  7.032729336E-04  7.921223073E-07  2.376551705E-05  7.244123886E-04 
         7  6.676045596E-04  7.233483757E-06  2.274665324E-05  6.657491188E-04 
         8  6.042161840E-04  1.093130686E-05  2.138182500E-05  6.018984717E-04 
         9  2.309472533E-03  2.582165871E-05  2.543826441E-05  2.298809444E-03 
        10  2.286899835E-03  5.914246867E-05  6.421325349E-05  2.312346827E-03 
        11  2.263380913E-03  8.477403026E-05  1.009002678E-04  2.269504929E-03 
        12  2.239328809E-03  1.142709298E-04  8.900181543E-05  2.222977803E-03 
        13  2.233581385E-03  1.454502490E-04  1.614343448E-04  2.207420284E-03 
        14  2.239966299E-03  1.827800734E-04  1.613601952E-04  2.254107036E-03 
        15  2.242843853E-03  2.044082066E-04  2.115928679E-04  2.268628249E-03 
        16  2.238286193E-03  2.174573892E-04  2.373658805E-04  2.247575958E-03 
        17  2.227233490E-03  2.418786753E-04  2.263530406E-04  2.196375581E-03 
        18  2.224844648E-03  2.602059103E-04  2.718000809E-04  2.199040909E-03 
        19  2.251555212E-03  2.723476500E-04  2.744122654E-04  2.248537651E-03 
        20  2.277891384E-03  2.845286799E-04  3.128599891E-04  2.272489471E-03 
        21  2.307925839E-03  3.088384401E-04  2.993758897E-04  2.318535620E-03 
        22  2.334597055E-03  3.439536667E-04  3.457278335E-04  2.348621878E-03 
        23  2.384967171E-03  4.461899225E-04  4.358183084E-04  2.389704606E-03 
        24  2.402415266E-03  4.552156606E-04  4.612386868E-04  2.398496022E-03 
        25  2.427496715E-03  4.612026096E-04  4.404200250E-04  2.432817981E-03 
        26  2.449856838E-03  4.678400001E-04  4.916197099E-04  2.436088877E-03 
        27  2.478249138E-03  4.742791352E-04  4.832002055E-04  2.479166716E-03 
        28  2.482059412E-03  6.158747128E-04  6.001120732E-04  2.481107966E-03 
        29  2.462622477E-03  6.208001869E-04  6.558729013E-04  2.480274928E-03 
        30  2.444616519E-03  6.287327851E-04  6.492226082E-04  2.446194591E-03 
        31  1.790636103E-03  5.009510787E-04  4.843803518E-04  1.767064534E-03 
        32  1.793937874E-03  5.091567873E-04  5.352986275E-04  1.787036873E-03 
        33  1.803190680E-03  5.041033728E-04  5.138274224E-04  1.819273723E-03 
        34  1.799888792E-03  4.958976060E-04  4.654353708E-04  1.801073935E-03 
        35 -1.006693463E-03  7.765994087E-05  6.636507486E-05 -1.005326591E-03 
        36 -9.016753174E-04  7.439645560E-05  6.680606303E-05 -9.013910211E-04 
        37 -7.970134611E-04  7.127052231E-05  6.575810028E-05 -7.972552363E-04 
        38 -6.930505042E-04  6.770174514E-05  6.355081433E-05 -6.935649223E-04 
        39 -5.897732917E-04  6.466423656E-05  6.038485763E-05 -5.907983585E-04 
        40 -4.861762573E-04  6.308797310E-05  5.539476994E-05 -4.882335345E-04 
        41 -3.846221371E-04  6.540497998E-05  4.835427240E-05 -3.882786737E-04 
        42 -3.062979376E-04  7.604565326E-05  4.217445575E-05 -2.899144977E-04 
        43 -2.557971748E-04  8.558383706E-05  1.281231806E-04 -2.752816664E-04 
        44 -1.863164362E-04  9.413511725E-05  1.108253011E-04 -1.840752402E-04 
        45 -1.106605632E-04  1.132310572E-04  9.693807319E-05 -1.022720959E-04 
        46 -7.175145583E-05  1.280576398E-04  1.562393313E-04 -8.961924719E-05 
        47 -2.735849012E-05  1.479006169E-04  1.429506679E-04 -2.640014050E-05 
        48  7.081023341E-06  1.660504204E-04  1.372427601E-04  2.941064111E-05 
        49  4.157519288E-05  1.815037831E-04  1.880186171E-04  3.887628747E-05 
        50  1.030837884E-04  2.861587200E-05  2.794200578E-05  1.007808420E-04 
        51  2.572414814E-04  1.269653003E-04  1.408289672E-04  2.717250439E-04 
        52  2.797622001E-04  9.366939048E-05  8.822211316E-05  2.654353734E-04 
        53  3.018801508E-04  6.530246901E-05  8.110587978E-05  3.211743461E-04 
        54  3.295918286E-04  4.166979488E-05  2.775908311E-05  3.200411847E-04 
        55  3.778705432E-04  1.614583925E-05  2.357188179E-05  3.768744278E-04 
        56  4.221241688E-04  3.346075118E-06  1.961275604E-05  4.300925550E-04 
        57  2.024849528E-04  2.887650589E-05  2.931386421E-05  2.067113238E-04 
        58  5.526862224E-04  4.489945240E-06  1.926840855E-05  5.412139952E-04 
        59 -2.106934553E-03  2.515627057E-05  6.674919455E-05 -2.110809722E-03 
        60 -2.008430427E-03  5.382682866E-05  6.249115734E-05 -2.009269490E-03 
        61 -1.908931998E-03  5.905855869E-05  5.855735120E-05 -1.909155614E-03 
        62 -1.810147893E-03  6.402927102E-05  5.673498202E-05 -1.809930395E-03 
        63 -1.710779150E-03  7.011049456E-05  5.515330775E-05 -1.709579807E-03 
        64 -1.610953710E-03  7.596499927E-05  5.457516422E-05 -1.609092055E-03 
        65 -1.512322575E-03  8.242788317E-05  5.383556151E-05 -1.509067679E-03 
        66 -1.415324397E-03  8.954192890E-05  5.490773208E-05 -1.410009075E-03 
        67 -1.316490700E-03  9.302712715E-05  5.715688499E-05 -1.310405891E-03 
        68 -1.214915421E-03  8.891986363E-05  6.005970237E-05 -1.209844188E-03 
        69 -1.111499849E-03  8.225429337E-05  6.361088174E-05 -1.108407631E-03 
        70 -2.346402733E-03  1.991757192E-03  1.936099255E-03 -2.392953671E-03 
        71 -2.286937553E-03  1.966522075E-03  1.936053435E-03 -2.289587949E-03 
        72 -2.185173798E-03  1.948529272E-03  1.934468811E-03 -2.185353151E-03 
        73 -2.081624698E-03  1.946475822E-03  1.932282097E-03 -2.081243068E-03 
        74 -1.978177112E-03  1.944519114E-03  1.931099759E-03 -1.977459928E-03 
        75 -1.874948852E-03  1.942581497E-03  1.931720263E-03 -1.874312453E-03 
        76 -1.771377632E-03  1.940645045E-03  1.935050064E-03 -1.771475459E-03 
        77 -1.668632263E-03  1.937049325E-03  1.942464568E-03 -1.670585838E-03 
        78  1.770040719E-03  8.331826539E-04  8.115262549E-04  1.772892234E-03 
        79  1.786463079E-03  8.371135918E-04  8.102537455E-04  1.809880671E-03 
        80  1.786321867E-03  8.383169188E-04  8.554223708E-04  1.808868545E-03 
        81  1.768518006E-03  8.390144794E-04  8.595011999E-04  1.761496361E-03 
        82  1.861803816E-03  1.569303800E-03  1.560884347E-03  1.827830160E-03 
        83  1.864506630E-03  1.574419905E-03  1.615014651E-03  1.856528149E-03 
        84  1.741042011E-03  1.707424992E-03  1.674905581E-03  1.747979358E-03 
        85  1.768005197E-03  1.724370290E-03  1.719651303E-03  1.773429624E-03 
        86  1.619378454E-03  4.188131425E-04  3.989504723E-04  1.635943163E-03 
        87  1.614414738E-03  4.272049409E-04  4.409151578E-04  1.619891975E-03 
        88  1.477450365E-03  4.666750901E-04  4.666277231E-04  1.452042847E-03 
        89  1.505242893E-03  4.898065818E-04  4.881572612E-04  1.504355344E-03 
        90  1.530243549E-03  5.056637456E-04  5.192616187E-04  1.510897871E-03 
        91  1.532104681E-03  5.057170056E-04  5.267495125E-04  1.542733763E-03 
        92  1.532325055E-03  5.037817173E-04  4.880986154E-04  1.558085760E-03 
        93  1.517079188E-03  4.861156922E-04  4.881572612E-04  1.504355344E-03 
        94  1.498600119E-03  1.188089591E-04  9.659987960E-05  1.457926661E-03 
        95  1.475441037E-03  1.564972627E-04  1.550347433E-04  1.467299926E-03 
        96  1.485511428E-03  1.990066521E-04  2.085884591E-04  1.483636853E-03 
        97  1.524565276E-03  1.929723367E-04  2.005083215E-04  1.536766356E-03 
        98  1.534135547E-03  1.479482744E-04  1.460479947E-04  1.540643245E-03 
        99  1.518240781E-03  1.162942717E-04  8.827208810E-05  1.542645135E-03 
       100 -2.818958834E-03  1.197719121E-05  4.912679422E-05 -2.825656849E-03 
       101 -2.919500461E-03  2.998444506E-05  4.152960011E-05 -2.921255581E-03 
       102 -3.016128438E-03  3.797380123E-05  4.077177812E-05 -3.017093035E-03 
       103 -3.100367030E-03  1.996654646E-05  4.724476742E-05 -3.112842704E-03 
       104 -4.359191284E-03  2.140982360E-05  6.007520483E-05 -4.324261684E-03 
       105 -4.403600004E-03  2.140982360E-05  5.780932662E-05 -4.424947168E-03 
       106  9.957266739E-04  1.991914120E-03  1.967796512E-03  9.859944441E-04 
       107  1.074195374E-03  1.978490502E-03  1.967889592E-03  1.075421463E-03 
       108  1.168127172E-03  1.979356166E-03  1.969581686E-03  1.167806069E-03 
       109  1.255034935E-03  1.989254029E-03  1.971598349E-03  1.254225396E-03 
       110  1.330802334E-03  1.987361582E-03  1.974293303E-03  1.329568134E-03 
       111  1.400913345E-03  1.974678598E-03  1.974436451E-03  1.399548220E-03 
       112  1.451502554E-03  1.961454749E-03  1.977384376E-03  1.464514448E-03 
       113  1.487794798E-03  1.941366354E-03  1.940247493E-03  1.479767767E-03 
       114  1.571952365E-03  1.977768028E-03  1.978854450E-03  1.578945755E-03 
       115  1.584459445E-03  1.931308419E-03  1.931519505E-03  1.584772875E-03 
       116  1.619524439E-03  1.740293927E-03  1.724050047E-03  1.617561812E-03 
       117  1.665316522E-03  1.732748700E-03  1.727118653E-03  1.667279858E-03 
       118  1.711064484E-03  1.715558232E-03  1.730930592E-03  1.714327700E-03 
       119  1.659268164E-03  1.772693242E-03  1.782199968E-03  1.660432579E-03 
       120  1.704967814E-03  1.786248526E-03  1.782133242E-03  1.704231979E-03 
       121  1.726342132E-03  1.798449201E-03  1.823944263E-03  1.705748553E-03 
       122  1.753929420E-03  1.800918370E-03  1.806662425E-03  1.750959794E-03 
       123  1.785110682E-03  1.780835679E-03  1.775305427E-03  1.776653791E-03 
       124  1.785527566E-03  1.749083051E-03  1.745803435E-03  1.787931124E-03 
       125  1.865303377E-03  1.574415597E-03  1.604245507E-03  1.900694087E-03 
       126  2.279084641E-03  1.498538069E-03  1.515653272E-03  2.271471998E-03 
       127  2.260575769E-03  1.470112242E-03  1.476109714E-03  2.240038836E-03 
       128  2.251088852E-03  1.442853245E-03  1.445593373E-03  2.231478300E-03 
       129  2.244679024E-03  1.418780419E-03  1.410583375E-03  2.251446172E-03 
       130  2.436149167E-03  1.530313282E-03  1.542011125E-03  2.424626754E-03 
       131  2.457477152E-03  1.551844412E-03  1.528830526E-03  2.472081007E-03 
       132  2.482911805E-03  1.565199462E-03  1.581630475E-03  2.480464950E-03 
       133  2.475654706E-03  1.464011031E-03  1.480862986E-03  2.473401436E-03 
       134  2.264993964E-03  1.331092208E-03  1.308258536E-03  2.260534084E-03 
       135  2.304672962E-03  1.343680313E-03  1.311649622E-03  2.315264781E-03 
       136  2.493286505E-03  1.712284400E-03  1.679062906E-03  2.481335120E-03 
       137  2.474247944E-03  1.714866259E-03  1.738623951E-03  2.479550766E-03 
       138  2.446102211E-03  1.715643564E-03  1.718517235E-03  2.445875227E-03 
       139  2.340540988E-03  1.816969598E-03  1.819129066E-03  2.323892695E-03 
       140  2.351607429E-03  1.835404895E-03  1.807632129E-03  2.377974769E-03 
       141  2.365780994E-03  1.877354109E-03  1.872925413E-03  2.383585236E-03 
       142  2.377069322E-03  1.958415844E-03  1.957931955E-03  2.375987579E-03 
       143  2.484135795E-03  7.303809980E-04  7.129285593E-04  2.483448182E-03 
       144  2.451970475E-03  7.166365394E-04  7.278509213E-04  2.442101369E-03 
       145  2.427353291E-03  7.004295476E-04  6.928805253E-04  2.434189136E-03 
       146  4.628353927E-04  1.974825049E-03  1.974844604E-03  4.631898431E-04 
       147  4.199689138E-04  1.942369738E-03  1.926672699E-03  4.543770204E-04 
       148  3.979642643E-04  1.909840270E-03  1.912972231E-03  3.935666735E-04 
       149  3.762884007E-04  1.873150351E-03  1.859741076E-03  3.878779436E-04 
       150  1.845515508E-04  1.839731820E-03  1.827176184E-03  1.726120209E-04 
       151  1.471851137E-04  1.863137353E-03  1.877753079E-03  1.572261929E-04 
       152  1.120108573E-04  1.886665006E-03  1.869255230E-03  1.027193741E-04 
       153  7.721217844E-05  1.903529628E-03  1.922587147E-03  9.292035272E-05 
       154  2.287288589E-05  1.921053044E-03  1.913217268E-03  2.418366512E-05 
       155 -2.944949483E-05  1.933855936E-03  1.901941876E-03 -5.184226983E-05 
       156 -7.317274867E-05  1.946541248E-03  1.967698909E-03 -6.296029824E-05 
       157 -1.536968630E-04  1.964960480E-03  1.961727822E-03 -1.543619787E-04 
       158 -2.564395836E-04  1.984869596E-03  1.952891398E-03 -2.536683967E-04 
       159 -3.276472562E-04  1.998438267E-03  1.944888835E-03 -3.576104262E-04 
       160 -5.800331128E-04  1.998756081E-03  1.933420872E-03 -5.677151537E-04 
       161 -6.651888252E-04  1.993742771E-03  1.931035804E-03 -6.720340127E-04 
       162 -7.677843096E-04  1.986380666E-03  1.929621388E-03 -7.762373276E-04 
       163 -8.713300340E-04  1.978060231E-03  1.929185365E-03 -8.805429480E-04 
       164 -9.766092990E-04  1.966501353E-03  1.931300447E-03 -9.845805923E-04 
       165 -1.083315583E-03  1.954620238E-03  1.936006340E-03 -1.087852054E-03 
       166 -1.189376810E-03  1.944701071E-03  1.943793790E-03 -1.188405186E-03 
       167 -1.293062116E-03  1.929551945E-03  1.951891793E-03 -1.285628838E-03 
       168 -1.362835290E-03  1.915797940E-03  1.957393609E-03 -1.381319101E-03 
       169 -1.408563694E-03  1.911518746E-03  1.874523444E-03 -1.398003815E-03 
       170 -1.463671331E-03  1.911511878E-03  1.874830866E-03 -1.474881274E-03 
       171 -1.505900058E-03  1.915078610E-03  1.958062631E-03 -1.476694717E-03 
       172 -1.569002983E-03  1.926101744E-03  1.951318214E-03 -1.572415930E-03 
