cellnumber     x-coordinate     y-coordinate     y-coordinate     x-coordinate 
         1 -4.719793797E-03  1.936077140E-03  1.945594745E-03 -4.718454719E-03 
         2 -4.619611893E-03  1.935386099E-03  1.941195501E-03 -4.618455788E-03 
         3 -4.518816248E-03  1.933339168E-03  1.936762355E-03 -4.517952941E-03 
         4 -4.417127930E-03  1.930207014E-03  1.933136697E-03 -4.416522146E-03 
         5 -4.314686172E-03  1.926234341E-03  1.931426409E-03 -4.314333929E-03 
         6 -4.211761523E-03  1.922284137E-03  1.931636683E-03 -4.211520295E-03 
         7 -4.109079950E-03  1.918455819E-03  1.933075753E-03 -4.109019672E-03 
         8 -4.006363917E-03  1.911119209E-03  1.934369578E-03 -4.006508197E-03 
         9 -3.915019799E-03  1.889470848E-03  1.936141286E-03 -3.904823046E-03 
        10 -3.864603117E-03  1.870810520E-03  1.806644950E-03 -3.902767296E-03 
        11 -3.804736072E-03  1.854744740E-03  1.812545300E-03 -3.804174341E-03 
        12 -3.709773766E-03  1.827065949E-03  1.819800249E-03 -3.709773381E-03 
        13 -3.641253104E-03  1.795022050E-03  1.829745585E-03 -3.621283022E-03 
        14 -3.587913001E-03  1.769210794E-03  1.725771232E-03 -3.598763175E-03 
        15 -3.525926499E-03  1.774494420E-03  1.813614371E-03 -3.530884481E-03 
        16 -3.418742446E-03  1.774645178E-03  1.792836158E-03 -3.420808489E-03 
        17 -3.322426230E-03  1.751330565E-03  1.809831896E-03 -3.294728159E-03 
        18 -3.242120612E-03  1.722970046E-03  1.670684137E-03 -3.245474741E-03 
        19 -3.158776322E-03  1.699900953E-03  1.745000869E-03 -3.159499416E-03 
        20 -3.075782442E-03  1.683643786E-03  1.694111787E-03 -3.068241942E-03 
        21 -2.961692167E-03  1.650384045E-03  1.669783041E-03 -2.958189324E-03 
        22 -2.887434559E-03  1.610882464E-03  1.661886550E-03 -2.845140649E-03 
        23 -2.830252051E-03  1.574660884E-03  1.524344534E-03 -2.855572715E-03 
        24 -2.734828740E-03  1.513609895E-03  1.532216941E-03 -2.730782084E-03 
        25 -2.668731147E-03  1.464672270E-03  1.383368829E-03 -2.720372596E-03 
        26 -2.559641842E-03  7.581345271E-04  6.794167411E-04 -2.474149831E-03 
        27 -2.499426017E-03  8.442964172E-04  8.467918417E-04 -2.481034431E-03 
        28 -2.425604733E-03  1.059006434E-03  1.053196177E-03 -2.484342921E-03 
        29 -2.473744564E-03  1.272739843E-03  1.252977039E-03 -2.524754086E-03 
        30 -2.598123159E-03  1.407696167E-03  1.414714937E-03 -2.584325842E-03 
        31 -2.625175752E-03  6.928091752E-04  6.654788344E-04 -2.623575541E-03 
        32 -2.757942304E-03  5.856271600E-04  6.374369532E-04 -2.768781384E-03 
        33 -2.887488343E-03  5.097726244E-04  5.940152579E-04 -2.930817644E-03 
        34 -2.972460818E-03  4.587947042E-04  4.277590856E-04 -2.880125428E-03 
        35 -3.005089704E-03  4.408998939E-04  3.451552469E-04 -2.994928149E-03 
        36 -3.109888639E-03  4.181793483E-04  4.111683702E-04 -3.119425997E-03 
        37 -3.255146556E-03  3.829198540E-04  4.330764328E-04 -3.263609028E-03 
        38 -3.320698859E-03  3.621353535E-04  3.063139266E-04 -3.281050739E-03 
        39 -3.401052905E-03  3.356111120E-04  3.112536742E-04 -3.402629953E-03 
        40 -3.526847344E-03  3.060976742E-04  3.052548116E-04 -3.526687042E-03 
        41 -3.652191488E-03  2.783773816E-04  2.876058839E-04 -3.654121120E-03 
        42 -3.766118782E-03  2.525426971E-04  2.515954518E-04 -3.762196423E-03 
        43 -3.827267559E-03  2.415368217E-04  2.146981444E-04 -3.825930448E-03 
        44 -3.887883853E-03  2.248446690E-04  2.486685537E-04 -3.888261565E-03 
        45 -3.944190219E-03  2.058848040E-04  1.532715145E-04 -3.914510709E-03 
        46 -4.007703159E-03  1.793246192E-04  1.710031183E-04 -4.010975930E-03 
        47 -4.116666038E-03  1.448598923E-04  1.828761303E-04 -4.114592750E-03 
        48 -4.192631692E-03  1.279621356E-04  1.846604581E-04 -4.220260345E-03 
        49 -4.244821612E-03  1.122993999E-04  6.198469455E-05 -4.222944128E-03 
        50 -4.324252717E-03  9.658921044E-05  6.007520483E-05 -4.324261684E-03 
        51 -4.424873274E-03  9.091490210E-05  5.780932662E-05 -4.424947168E-03 
        52 -4.526560660E-03  8.749299013E-05  5.596906824E-05 -4.526306414E-03 
        53 -4.628764931E-03  7.726704644E-05  5.666467444E-05 -4.629023667E-03 
        54 -4.730469082E-03  6.466863852E-05  6.050692886E-05 -4.730923795E-03 
        55 -4.832734820E-03  5.770375355E-05  6.405840120E-05 -4.833593435E-03 
        56 -4.934764467E-03  4.673746298E-05  6.643712700E-05 -4.937359311E-03 
        57 -5.033871159E-03  2.219719318E-05  6.693967668E-05 -5.041680553E-03 
        58 -5.106868222E-03  3.164077953E-06  6.473279037E-05 -5.145436630E-03 
        59 -5.253409501E-03  4.142787930E-06  5.901185833E-05 -5.247603241E-03 
        60 -5.175606348E-03  1.995745348E-03  1.934327000E-03 -5.221331158E-03 
        61 -5.118607543E-03  1.970167272E-03  1.938990709E-03 -5.118253907E-03 
        62 -5.016887560E-03  1.946386765E-03  1.944484711E-03 -5.017463170E-03 
        63 -4.918341991E-03  1.941194525E-03  1.948290908E-03 -4.918495029E-03 
        64 -4.819727503E-03  1.937274123E-03  1.948353827E-03 -4.818912674E-03 
        65 -5.899313372E-03  8.768166481E-06  6.868406450E-05 -5.938978828E-03 
        66 -5.836225580E-03  1.708813215E-05  6.710090730E-05 -5.834726738E-03 
        67 -5.772737321E-03  8.319966582E-06  6.005380669E-05 -5.732217633E-03 
        68 -5.408420693E-03  7.775247468E-06  4.492314267E-05 -5.441885650E-03 
        69 -5.336202215E-03  1.191803585E-05  5.082560188E-05 -5.345947182E-03 
