cellnumber     x-coordinate     y-coordinate     y-coordinate     x-coordinate 
         1 -4.719386809E-03  1.941581490E-03  1.945594745E-03 -4.718454719E-03 
         2 -4.619124811E-03  1.940771588E-03  1.941195501E-03 -4.618455788E-03 
         3 -4.518275149E-03  1.939064940E-03  1.936762355E-03 -4.517952941E-03 
         4 -4.416613840E-03  1.936305314E-03  1.933136697E-03 -4.416522146E-03 
         5 -4.314310383E-03  1.932014129E-03  1.931426409E-03 -4.314333929E-03 
         6 -4.211582243E-03  1.926442026E-03  1.931636683E-03 -4.211520295E-03 
         7 -4.109033383E-03  1.920474693E-03  1.933075753E-03 -4.109019672E-03 
         8 -4.006388597E-03  1.915563364E-03  1.934369578E-03 -4.006508197E-03 
         9 -3.904490266E-03  1.910251565E-03  1.936141286E-03 -3.904823046E-03 
        10 -3.804928623E-03  1.894094166E-03  1.938266303E-03 -3.804586373E-03 
        11 -3.753418336E-03  1.879816758E-03  1.940709876E-03 -3.705521991E-03 
        12 -3.706478979E-03  1.866702107E-03  1.819800249E-03 -3.709773381E-03 
        13 -3.620641772E-03  1.835668110E-03  1.829745585E-03 -3.621283022E-03 
        14 -3.534014337E-03  1.814082381E-03  1.813614371E-03 -3.530884481E-03 
        15 -3.417190397E-03  1.800340600E-03  1.792836158E-03 -3.420808489E-03 
        16 -3.301963909E-03  1.771642012E-03  1.809831896E-03 -3.294728159E-03 
        17 -3.237284953E-03  1.750057214E-03  1.670684137E-03 -3.245474741E-03 
        18 -3.168089781E-03  1.733439625E-03  1.745000869E-03 -3.159499416E-03 
        19 -3.064801451E-03  1.711235032E-03  1.694111787E-03 -3.068241942E-03 
        20 -2.954701195E-03  1.691529760E-03  1.669783041E-03 -2.958189324E-03 
        21 -2.843659604E-03  1.666063676E-03  1.661886550E-03 -2.845140649E-03 
        22 -2.751226304E-03  1.627320307E-03  1.664952175E-03 -2.730799394E-03 
        23 -2.693372313E-03  1.595223439E-03  1.532216941E-03 -2.730782084E-03 
        24 -2.469904721E-03  6.632045261E-04  6.794167411E-04 -2.474149831E-03 
        25 -2.371493028E-03  7.380780298E-04  6.759204569E-04 -2.316927037E-03 
        26 -2.291601850E-03  8.373130695E-04  8.405783047E-04 -2.302220303E-03 
        27 -2.222602023E-03  1.022243523E-03  1.041068466E-03 -2.285977911E-03 
        28 -2.250459976E-03  1.220518490E-03  1.233946115E-03 -2.227947210E-03 
        29 -2.352676820E-03  1.371910912E-03  1.341192381E-03 -2.375313755E-03 
        30 -2.474741545E-03  1.468789647E-03  1.469091138E-03 -2.461020321E-03 
        31 -2.537917113E-03  1.506837667E-03  1.584168357E-03 -2.497886736E-03 
        32 -2.605812158E-03  1.546985237E-03  1.553793688E-03 -2.608636345E-03 
        33 -2.563639078E-03  5.966166500E-04  6.654788344E-04 -2.623575541E-03 
        34 -2.626682166E-03  5.482576671E-04  5.074871238E-04 -2.599694916E-03 
        35 -2.735020826E-03  4.864500370E-04  4.782286162E-04 -2.733037280E-03 
        36 -2.881033113E-03  4.307047639E-04  4.277590856E-04 -2.880125428E-03 
        37 -3.002769081E-03  3.959975438E-04  3.451552469E-04 -2.994928149E-03 
        38 -3.117636545E-03  3.734617203E-04  4.111683702E-04 -3.119425997E-03 
        39 -3.202855354E-03  3.513061092E-04  2.861603377E-04 -3.164992166E-03 
        40 -3.277454060E-03  3.272830509E-04  3.063139266E-04 -3.281050739E-03 
        41 -3.403103678E-03  2.971739741E-04  3.112536742E-04 -3.402629953E-03 
        42 -3.525130684E-03  2.696158481E-04  3.052548116E-04 -3.526687042E-03 
        43 -3.644344630E-03  2.390740701E-04  2.876058839E-04 -3.654121120E-03 
        44 -3.752191784E-03  2.200877061E-04  2.515954518E-04 -3.762196423E-03 
        45 -3.827993525E-03  2.101530990E-04  2.146981444E-04 -3.825930448E-03 
        46 -3.870998509E-03  2.003624541E-04  2.486685537E-04 -3.888261565E-03 
        47 -3.922648262E-03  1.757126884E-04  1.532715145E-04 -3.914510709E-03 
        48 -4.012713209E-03  1.422776841E-04  1.710031183E-04 -4.010975930E-03 
        49 -4.087589681E-03  1.245389722E-04  1.828761303E-04 -4.114592750E-03 
        50 -4.139759578E-03  1.070866856E-04  6.073745610E-05 -4.121556536E-03 
        51 -4.222448450E-03  8.868297300E-05  6.198469455E-05 -4.222944128E-03 
        52 -4.324381705E-03  8.241551404E-05  6.007520483E-05 -4.324261684E-03 
        53 -4.425008316E-03  7.939984062E-05  5.780932662E-05 -4.424947168E-03 
        54 -4.526580684E-03  7.555977936E-05  5.596906824E-05 -4.526306414E-03 
        55 -4.628628027E-03  6.819585542E-05  5.666467444E-05 -4.629023667E-03 
        56 -4.730311222E-03  5.965332457E-05  6.050692886E-05 -4.730923795E-03 
        57 -4.832309671E-03  5.175836486E-05  6.405840120E-05 -4.833593435E-03 
        58 -4.932356067E-03  2.750539534E-05  6.643712700E-05 -4.937359311E-03 
        59 -4.990248941E-03  3.944264336E-06  6.693967668E-05 -5.041680553E-03 
        60 -5.092618987E-03  1.981361071E-03  1.938990709E-03 -5.118253907E-03 
        61 -5.017304327E-03  1.955564367E-03  1.944484711E-03 -5.017463170E-03 
        62 -4.918269347E-03  1.946140081E-03  1.948290908E-03 -4.918495029E-03 
        63 -4.819424357E-03  1.942827366E-03  1.948353827E-03 -4.818912674E-03 
        64 -5.823750980E-03  2.253927596E-05  6.710090730E-05 -5.834726738E-03 
        65 -5.733016413E-03  3.755515718E-05  6.005380669E-05 -5.732217633E-03 
        66 -5.662776064E-03  1.501588304E-05  5.134376603E-05 -5.633311034E-03 
