cellnumber     x-coordinate     y-coordinate     y-coordinate     x-coordinate 
         1 -6.922323257E-03  1.978351269E-03  1.949177057E-03 -6.940937222E-03 
         2 -6.843948737E-03  1.959142741E-03  1.951895744E-03 -6.844616968E-03 
         3 -6.746760104E-03  1.963482704E-03  1.949864175E-03 -6.748831175E-03 
         4 -6.645120215E-03  1.964729512E-03  1.945437433E-03 -6.647916601E-03 
         5 -6.544580683E-03  1.959176967E-03  1.943884588E-03 -6.546492771E-03 
         6 -6.446351763E-03  1.937080408E-03  1.940514493E-03 -6.446167279E-03 
         7 -6.374455057E-03  1.900993171E-03  1.941039642E-03 -6.343202304E-03 
         8 -6.327581592E-03  1.870049746E-03  1.826551976E-03 -6.357563261E-03 
         9 -6.253888365E-03  1.833822927E-03  1.827883162E-03 -6.254296224E-03 
        10 -6.182800513E-03  1.791797695E-03  1.831148484E-03 -6.148697502E-03 
        11 -6.129258312E-03  1.754136640E-03  1.718291627E-03 -6.156059016E-03 
        12 -6.048416719E-03  1.707492513E-03  1.729865500E-03 -6.024573084E-03 
        13 -5.969617981E-03  1.647431636E-03  1.597447164E-03 -6.020009927E-03 
        14 -5.905167200E-03  1.551822410E-03  1.578987384E-03 -5.872446552E-03 
        15 -5.848362576E-03  1.438211999E-03  1.411355733E-03 -5.903334993E-03 
        16 -5.810180679E-03  1.357392175E-03  1.401567245E-03 -5.756030777E-03 
        17 -5.781471264E-03  1.254658797E-03  1.255042310E-03 -5.770052402E-03 
        18 -5.770434160E-03  1.104500727E-03  1.105340531E-03 -5.778188705E-03 
        19 -5.760522559E-03  9.783074493E-04  9.681019643E-04 -5.702183448E-03 
        20 -7.008819841E-03  1.266343133E-05  7.130261585E-05 -7.048670775E-03 
        21 -6.944657769E-03  3.858408672E-05  7.181474448E-05 -6.944535300E-03 
        22 -6.841048133E-03  5.740959750E-05  6.939597676E-05 -6.840962208E-03 
        23 -6.735651288E-03  9.029819921E-05  6.322564647E-05 -6.739235961E-03 
        24 -6.681718398E-03  1.181338012E-04  5.527185840E-05 -6.640630413E-03 
        25 -6.626058370E-03  1.533545146E-04  1.700505549E-04 -6.625372521E-03 
        26 -6.564002018E-03  1.944350806E-04  1.430828731E-04 -6.543170477E-03 
        27 -6.502987351E-03  2.296301827E-04  2.306216288E-04 -6.492545969E-03 
        28 -6.412947550E-03  2.817878558E-04  2.644835783E-04 -6.394185377E-03 
        29 -6.347517483E-03  3.253343457E-04  3.731976031E-04 -6.379461687E-03 
        30 -6.296463311E-03  3.573712602E-04  3.427835859E-04 -6.292072075E-03 
        31 -6.223944016E-03  3.934563429E-04  3.948971479E-04 -6.220809199E-03 
        32 -6.112981588E-03  4.697237455E-04  4.407775712E-04 -6.101857444E-03 
        33 -6.046448834E-03  5.273657735E-04  5.771312931E-04 -6.149110830E-03 
        34 -5.961287301E-03  6.030955701E-04  6.001185489E-04 -5.961354012E-03 
        35 -5.877814256E-03  6.800491828E-04  7.555187803E-04 -5.971144432E-03 
        36 -5.818607751E-03  7.644960424E-04  7.593298546E-04 -5.769750461E-03 
        37 -5.756762810E-03  8.856093045E-04  8.938999874E-04 -5.787698338E-03 
