cellnumber     x-coordinate     y-coordinate     y-coordinate     x-coordinate 
         1 -7.205099333E-03  1.990322722E-03  1.944399857E-03 -7.242192487E-03 
         2 -7.141528651E-03  1.962662907E-03  1.943623210E-03 -7.139969121E-03 
         3 -7.050840650E-03  1.918329275E-03  1.945684832E-03 -7.039325207E-03 
         4 -6.997431163E-03  1.879847143E-03  1.827635481E-03 -7.026390875E-03 
         5 -6.943486631E-03  1.824202249E-03  1.836387390E-03 -6.931535143E-03 
         6 -6.854287349E-03  1.726926072E-03  1.716239632E-03 -6.896963170E-03 
         7 -6.803229451E-03  1.672820537E-03  1.595006823E-03 -6.874508103E-03 
         8 -6.742321420E-03  1.568162581E-03  1.566028909E-03 -6.707789498E-03 
         9 -6.671105046E-03  1.380398520E-03  1.401417982E-03 -6.751515199E-03 
        10 -7.326968480E-03  2.723241232E-05  5.737685240E-05 -7.354071086E-03 
        11 -7.275455631E-03  9.144180513E-05  6.336323276E-05 -7.254607759E-03 
        12 -7.235229947E-03  1.528283028E-04  1.893679835E-04 -7.268135155E-03 
        13 -7.188357413E-03  2.291702112E-04  2.095751859E-04 -7.169491487E-03 
        14 -7.133516483E-03  3.173727309E-04  3.568042961E-04 -7.177363414E-03 
        15 -7.087291218E-03  3.896329144E-04  3.540082448E-04 -7.051898729E-03 
        16 -7.023219019E-03  4.761847376E-04  4.866995511E-04 -7.049256982E-03 
        17 -6.974381860E-03  5.362762022E-04  4.825752438E-04 -6.917578523E-03 
        18 -6.900452077E-03  6.102671614E-04  6.095685437E-04 -6.912598257E-03 
        19 -6.835891400E-03  6.763981073E-04  7.390635380E-04 -6.921463901E-03 
        20 -6.775566842E-03  7.383563207E-04  7.752089053E-04 -6.778336143E-03 
        21 -6.672658958E-03  8.477356168E-04  7.938154363E-04 -6.616283816E-03 
        22 -6.623771973E-03  1.001545344E-03  9.954662355E-04 -6.607598559E-03 
        23 -6.638652645E-03  1.186965499E-03  1.185504180E-03 -6.581615781E-03 
        24 -6.659536157E-03  1.282308018E-03  1.236990949E-03 -6.777087641E-03 
