cellnumber     x-coordinate     y-coordinate     y-coordinate     x-coordinate 
         1 -4.721774720E-03  1.908742706E-03  1.945594745E-03 -4.718454719E-03 
         2 -4.621215630E-03  1.917341491E-03  1.941195501E-03 -4.618455788E-03 
         3 -4.520100076E-03  1.919782721E-03  1.936762355E-03 -4.517952941E-03 
         4 -4.418596160E-03  1.912353793E-03  1.933136697E-03 -4.416522146E-03 
         5 -4.319901578E-03  1.884519239E-03  1.931426409E-03 -4.314333929E-03 
         6 -4.269279074E-03  1.862561097E-03  1.792723670E-03 -4.323207242E-03 
         7 -4.214328248E-03  1.845997875E-03  1.794125837E-03 -4.216180712E-03 
         8 -4.109927919E-03  1.819141675E-03  1.798024719E-03 -4.110175632E-03 
         9 -4.005124327E-03  1.799506135E-03  1.802305617E-03 -4.005445002E-03 
        10 -3.901733551E-03  1.773202908E-03  1.806644950E-03 -3.902767296E-03 
        11 -3.843639512E-03  1.750527415E-03  1.812545300E-03 -3.804174341E-03 
        12 -3.793331096E-03  1.733858953E-03  1.681510245E-03 -3.794299263E-03 
        13 -3.697207663E-03  1.704204711E-03  1.695610767E-03 -3.698603814E-03 
        14 -3.616858972E-03  1.681580208E-03  1.725771232E-03 -3.598763175E-03 
        15 -3.538262798E-03  1.661110320E-03  1.592142604E-03 -3.541097551E-03 
        16 -3.395499196E-03  1.591553912E-03  1.623717263E-03 -3.387622595E-03 
        17 -3.278343473E-03  1.517558005E-03  1.416834299E-03 -3.338769042E-03 
        18 -3.174398793E-03  1.393896295E-03  1.406012424E-03 -3.169853298E-03 
        19 -3.090272425E-03  1.270339591E-03  1.191144535E-03 -3.161456924E-03 
        20 -3.053636290E-03  1.171020325E-03  1.189873038E-03 -3.000709279E-03 
        21 -3.042519791E-03  1.033232315E-03  9.935973643E-04 -2.982245625E-03 
        22 -3.074028064E-03  9.283004911E-04  9.807070362E-04 -3.144110348E-03 
        23 -3.138790373E-03  8.017530199E-04  7.803288814E-04 -3.119346320E-03 
        24 -3.223145148E-03  6.909243530E-04  7.585341475E-04 -3.283911667E-03 
        25 -3.290416440E-03  6.294097984E-04  5.789139825E-04 -3.253004441E-03 
        26 -3.397444962E-03  5.615883856E-04  5.701673312E-04 -3.396885135E-03 
        27 -3.496141406E-03  5.099429982E-04  5.725034773E-04 -3.548979159E-03 
        28 -3.564649262E-03  4.665566375E-04  4.298166956E-04 -3.535901598E-03 
        29 -3.688929137E-03  4.086993285E-04  4.063746512E-04 -3.690066537E-03 
        30 -3.826150205E-03  3.667849523E-04  3.436101291E-04 -3.820011096E-03 
        31 -3.908144310E-03  3.431517980E-04  4.113336370E-04 -3.939257317E-03 
        32 -3.993029241E-03  3.088648082E-04  2.890524311E-04 -3.988128188E-03 
        33 -4.107160028E-03  2.698222816E-04  3.093989089E-04 -4.104616550E-03 
        34 -4.176574294E-03  2.502579009E-04  3.094673853E-04 -4.219473331E-03 
        35 -4.231361207E-03  2.256820153E-04  1.846604581E-04 -4.220260345E-03 
        36 -4.324949812E-03  1.941945375E-04  1.783337167E-04 -4.324251424E-03 
        37 -4.426152445E-03  1.743423636E-04  1.690666060E-04 -4.425174748E-03 
        38 -4.526956007E-03  1.549180161E-04  1.589686265E-04 -4.525828870E-03 
        39 -4.629069474E-03  1.315802074E-04  1.616752654E-04 -4.629131117E-03 
        40 -4.684186075E-03  1.178866369E-04  1.772254117E-04 -4.732403490E-03 
        41 -4.735018592E-03  9.761827823E-05  6.050692886E-05 -4.730923795E-03 
        42 -4.833661951E-03  7.297067350E-05  6.405840120E-05 -4.833593435E-03 
        43 -4.936924204E-03  6.497843424E-05  6.643712700E-05 -4.937359311E-03 
        44 -5.040492862E-03  5.975292879E-05  6.693967668E-05 -5.041680553E-03 
        45 -5.143980961E-03  5.592402158E-05  6.473279037E-05 -5.145436630E-03 
        46 -5.247134715E-03  5.345708996E-05  5.901185833E-05 -5.247603241E-03 
        47 -5.903181154E-03  1.989140408E-03  1.952643376E-03 -5.937578608E-03 
        48 -5.834202748E-03  1.978751505E-03  1.950483939E-03 -5.840505752E-03 
        49 -5.738842767E-03  1.989611192E-03  1.944291145E-03 -5.741907226E-03 
        50 -5.375732202E-03  1.998755848E-03  1.930799866E-03 -5.431590773E-03 
        51 -5.323074292E-03  1.974356594E-03  1.931409215E-03 -5.326042501E-03 
        52 -5.220819730E-03  1.946853590E-03  1.934327000E-03 -5.221331158E-03 
        53 -5.117516499E-03  1.939441427E-03  1.938990709E-03 -5.118253907E-03 
        54 -5.016343202E-03  1.929982915E-03  1.944484711E-03 -5.017463170E-03 
        55 -4.918830469E-03  1.915124012E-03  1.948290908E-03 -4.918495029E-03 
        56 -4.821483511E-03  1.905048732E-03  1.948353827E-03 -4.818912674E-03 
        57 -5.615296308E-03  1.995436469E-05  5.134376603E-05 -5.633311034E-03 
        58 -5.537369754E-03  4.520257062E-05  4.459777306E-05 -5.537449764E-03 
        59 -5.443694070E-03  5.112423605E-05  4.492314267E-05 -5.441885650E-03 
        60 -5.347420461E-03  5.213732584E-05  5.082560188E-05 -5.345947182E-03 
