cellnumber     x-coordinate     y-coordinate     y-coordinate     x-coordinate 
         1 -4.718348850E-03  1.955652144E-03  1.945594745E-03 -4.718454719E-03 
         2 -4.617859609E-03  1.954742940E-03  1.941195501E-03 -4.618455788E-03 
         3 -4.516762681E-03  1.955073792E-03  1.936762355E-03 -4.517952941E-03 
         4 -4.415208939E-03  1.952860504E-03  1.933136697E-03 -4.416522146E-03 
         5 -4.313319456E-03  1.947381184E-03  1.931426409E-03 -4.314333929E-03 
         6 -4.210948944E-03  1.942998846E-03  1.931636683E-03 -4.211520295E-03 
         7 -4.108643625E-03  1.940375427E-03  1.933075753E-03 -4.109019672E-03 
         8 -4.006336443E-03  1.937742927E-03  1.934369578E-03 -4.006508197E-03 
         9 -3.904603887E-03  1.934122061E-03  1.936141286E-03 -3.904823046E-03 
        10 -3.804462962E-03  1.927981619E-03  1.938266303E-03 -3.804586373E-03 
        11 -3.706650110E-03  1.915959292E-03  1.940709876E-03 -3.705521991E-03 
        12 -3.611568594E-03  1.900194562E-03  1.941697752E-03 -3.607061421E-03 
        13 -3.516317811E-03  1.898008864E-03  1.938766576E-03 -3.509147931E-03 
        14 -3.410369391E-03  1.902327989E-03  1.932905906E-03 -3.406640362E-03 
        15 -3.324583173E-03  1.888589701E-03  1.937228295E-03 -3.300266113E-03 
        16 -3.271605121E-03  1.872247318E-03  1.809831896E-03 -3.294728159E-03 
        17 -3.205111949E-03  1.856966410E-03  1.833132486E-03 -3.204367597E-03 
        18 -3.120196750E-03  1.842002617E-03  1.835596545E-03 -3.118652356E-03 
        19 -3.029289190E-03  1.830803580E-03  1.817102320E-03 -3.031397520E-03 
        20 -2.930537798E-03  1.813241397E-03  1.804866979E-03 -2.932343393E-03 
        21 -2.826299286E-03  1.794656622E-03  1.798346128E-03 -2.825612704E-03 
        22 -2.721482422E-03  1.766226487E-03  1.796212136E-03 -2.718328058E-03 
        23 -2.453814959E-03  3.589977860E-04  3.697733932E-04 -2.454968943E-03 
        24 -2.331682714E-03  3.873120004E-04  3.662185855E-04 -2.332841970E-03 
        25 -2.253669081E-03  4.170713655E-04  3.520143230E-04 -2.212597215E-03 
        26 -2.187373582E-03  4.420005716E-04  4.965748243E-04 -2.196300302E-03 
        27 -2.073434880E-03  4.848620156E-04  4.650286524E-04 -2.072920559E-03 
        28 -1.996542094E-03  5.191835226E-04  6.124473144E-04 -2.026903482E-03 
        29 -1.901519601E-03  5.729719996E-04  5.513027783E-04 -1.889974474E-03 
        30 -1.790089067E-03  6.422693259E-04  7.165968441E-04 -1.824586185E-03 
        31 -1.717858133E-03  6.813716609E-04  6.336628596E-04 -1.703176576E-03 
        32 -1.600735355E-03  7.673703367E-04  7.314836852E-04 -1.576639723E-03 
        33 -1.506222063E-03  8.626126219E-04  7.955271984E-04 -1.392863480E-03 
        34 -1.493164804E-03  9.760223329E-04  1.009203752E-03 -1.397937173E-03 
        35 -1.497564488E-03  1.104020397E-03  1.065639569E-03 -1.632741831E-03 
        36 -1.509918715E-03  1.238146913E-03  1.251281120E-03 -1.543600492E-03 
        37 -1.613468863E-03  1.399516477E-03  1.390946185E-03 -1.615302864E-03 
        38 -1.733057667E-03  1.477288781E-03  1.546881967E-03 -1.685007620E-03 
        39 -1.841143356E-03  1.519403420E-03  1.508885932E-03 -1.845175443E-03 
        40 -1.978314016E-03  1.573005691E-03  1.514084867E-03 -1.984851751E-03 
        41 -2.039468847E-03  1.594465342E-03  1.656135306E-03 -1.975000886E-03 
        42 -2.099110512E-03  1.612930675E-03  1.670428292E-03 -2.091832782E-03 
        43 -2.183713252E-03  1.630833722E-03  1.689752994E-03 -2.203074674E-03 
        44 -2.238154877E-03  1.635570196E-03  1.575400397E-03 -2.225971439E-03 
        45 -2.316229511E-03  1.649305108E-03  1.614483053E-03 -2.320783245E-03 
        46 -2.379486570E-03  1.660889946E-03  1.616760229E-03 -2.408186522E-03 
        47 -2.424283652E-03  1.675702981E-03  1.708873001E-03 -2.409373332E-03 
        48 -2.507814206E-03  1.698514796E-03  1.694345655E-03 -2.508386553E-03 
        49 -2.605370712E-03  1.720363856E-03  1.676729652E-03 -2.616739931E-03 
        50 -2.660180675E-03  1.739194733E-03  1.799962270E-03 -2.611890894E-03 
        51 -2.573773032E-03  3.399466514E-04  3.602622400E-04 -2.576922968E-03 
        52 -2.692624927E-03  3.185148817E-04  3.375554304E-04 -2.696750642E-03 
        53 -2.814733889E-03  2.973501105E-04  3.020632581E-04 -2.813140606E-03 
        54 -2.914353739E-03  2.865129209E-04  2.514614593E-04 -2.912482779E-03 
        55 -2.981170081E-03  2.792803862E-04  3.451552469E-04 -2.994928149E-03 
        56 -3.064223798E-03  2.588301722E-04  2.440689218E-04 -3.061257662E-03 
        57 -3.151690587E-03  2.356092300E-04  2.861603377E-04 -3.164992166E-03 
        58 -3.212739015E-03  2.135380055E-04  1.685867443E-04 -3.193051086E-03 
        59 -3.296553157E-03  1.878671901E-04  1.837645910E-04 -3.297713355E-03 
        60 -3.410477657E-03  1.641261479E-04  1.897839946E-04 -3.409442843E-03 
        61 -3.521937877E-03  1.431960700E-04  1.873953780E-04 -3.522972421E-03 
        62 -3.630525200E-03  1.295300899E-04  1.761512910E-04 -3.635300930E-03 
        63 -3.730979981E-03  1.229426998E-04  1.566616228E-04 -3.735074276E-03 
        64 -3.824568121E-03  1.147306684E-04  1.445315329E-04 -3.824581034E-03 
        65 -3.891529283E-03  1.072223749E-04  1.532715145E-04 -3.914510709E-03 
        66 -3.939713817E-03  9.502829198E-05  5.225894635E-05 -3.921222529E-03 
        67 -4.018819425E-03  7.689292397E-05  5.689246147E-05 -4.020525214E-03 
        68 -4.120923579E-03  6.462058809E-05  6.073745610E-05 -4.121556536E-03 
        69 -4.223112017E-03  5.875531133E-05  6.198469455E-05 -4.222944128E-03 
        70 -4.324627109E-03  5.590532965E-05  6.007520483E-05 -4.324261684E-03 
        71 -4.425309598E-03  5.347559636E-05  5.780932662E-05 -4.424947168E-03 
        72 -4.526639357E-03  5.211236567E-05  5.596906824E-05 -4.526306414E-03 
        73 -4.628296476E-03  4.815276043E-05  5.666467444E-05 -4.629023667E-03 
        74 -4.722778220E-03  2.212260915E-05  6.050692886E-05 -4.730923795E-03 
        75 -5.279038101E-03  1.998567954E-03  1.931409215E-03 -5.326042501E-03 
        76 -5.265118554E-03  1.998567954E-03  1.934327000E-03 -5.221331158E-03 
        77 -4.890644923E-03  1.984124770E-03  1.948290908E-03 -4.918495029E-03 
        78 -4.818405490E-03  1.962466864E-03  1.948353827E-03 -4.818912674E-03 
        79 -5.688152276E-03  3.981578175E-06  6.005380669E-05 -5.732217633E-03 
        80 -5.634196103E-03  2.817819768E-05  5.134376603E-05 -5.633311034E-03 
        81 -5.537825171E-03  5.380504808E-05  4.459777306E-05 -5.537449764E-03 
        82 -5.441126879E-03  4.279096902E-05  4.492314267E-05 -5.441885650E-03 
        83 -5.378817674E-03  1.318254181E-05  5.082560188E-05 -5.345947182E-03 
