cellnumber     x-coordinate     y-coordinate     y-coordinate     x-coordinate 
         1 -4.085254390E-03  1.972448314E-03  1.933075753E-03 -4.109019672E-03 
         2 -4.025346600E-03  1.972448314E-03  1.934369578E-03 -4.006508197E-03 
         3 -2.971162787E-03  1.992830541E-03  1.939727861E-03 -3.005310109E-03 
         4 -2.894281410E-03  1.990362071E-03  1.935561470E-03 -2.904892689E-03 
         5 -2.828074154E-03  1.997531625E-03  1.932500257E-03 -2.802616471E-03 
         6  7.095814217E-04  2.607978786E-06  2.376551705E-05  7.244123886E-04 
         7  6.671902956E-04  1.005162449E-05  2.274665324E-05  6.657491188E-04 
         8  6.037300918E-04  1.290850923E-05  2.138182500E-05  6.018984717E-04 
         9  1.843717881E-03  2.168341307E-04  2.266481103E-04  1.821234054E-03 
        10  1.854867442E-03  2.139210555E-04  2.249752392E-04  1.868745874E-03 
        11  1.985615352E-03  2.258477907E-04  2.204757639E-04  1.991306320E-03 
        12  1.967303222E-03  2.066062152E-04  2.261814244E-04  1.950802138E-03 
        13  1.956057968E-03  1.827363885E-04  1.846202552E-04  1.959282016E-03 
        14  1.951782033E-03  1.634393266E-04  1.791314573E-04  1.927048608E-03 
        15  1.965810545E-03  1.397337765E-04  1.320089833E-04  1.951027223E-03 
        16  1.981282607E-03  1.167521550E-04  1.489856568E-04  1.978619050E-03 
        17  1.982484711E-03  1.151820470E-04  1.344077537E-04  2.009177983E-03 
        18  2.015152713E-03  1.104403273E-04  9.041714092E-05  2.019015436E-03 
        19  2.087197965E-03  1.016644528E-04  9.321694742E-05  2.087244387E-03 
        20  2.159231110E-03  8.713536226E-05  8.927237462E-05  2.158173226E-03 
        21  2.205483383E-03  6.762518024E-05  8.900181543E-05  2.222977803E-03 
        22  2.233773936E-03  2.926984234E-05  3.033947023E-05  2.234936416E-03 
        23  2.204542747E-03  3.064519842E-04  3.121268945E-04  2.204077594E-03 
        24  2.236985369E-03  3.267079010E-04  3.314104695E-04  2.231470440E-03 
        25  2.387679648E-03  4.949669237E-04  4.938707706E-04  2.384454192E-03 
        26  2.413999522E-03  5.121867871E-04  4.916197099E-04  2.436088877E-03 
        27  2.425133716E-03  5.462109693E-04  5.479773461E-04  2.430106551E-03 
        28  2.423411468E-03  5.902568810E-04  5.961515552E-04  2.434790317E-03 
        29 -1.006718376E-03  7.790078962E-05  6.636507486E-05 -1.005326591E-03 
        30 -9.016892873E-04  7.491096039E-05  6.680606303E-05 -9.013910211E-04 
        31 -7.969882572E-04  7.259354607E-05  6.575810028E-05 -7.972552363E-04 
        32 -6.929216324E-04  6.986243534E-05  6.355081433E-05 -6.935649223E-04 
        33 -5.894867936E-04  6.753102207E-05  6.038485763E-05 -5.907983585E-04 
        34 -4.856181331E-04  6.686222332E-05  5.539476994E-05 -4.882335345E-04 
        35 -3.837652330E-04  7.124052354E-05  4.835427240E-05 -3.882786737E-04 
        36 -3.171691205E-04  8.102120773E-05  4.217445575E-05 -2.899144977E-04 
        37 -2.665423090E-04  8.962262655E-05  1.281231806E-04 -2.752816664E-04 
        38 -1.846189843E-04  1.021989156E-04  1.108253011E-04 -1.840752402E-04 
        39 -1.182834167E-04  1.203003339E-04  9.693807319E-05 -1.022720959E-04 
        40 -7.964537508E-05  1.340192975E-04  1.562393313E-04 -8.961924719E-05 
        41 -3.325037324E-05  1.540291705E-04  1.429506679E-04 -2.640014050E-05 
        42  1.184044436E-07  1.721523440E-04  1.926155920E-04 -1.566857720E-05 
        43  4.326133421E-05  1.893149019E-04  1.880186171E-04  3.887628747E-05 
        44  1.030962303E-04  2.861481880E-05  2.794200578E-05  1.007808420E-04 
        45  2.617743157E-04  1.377286535E-04  1.408289672E-04  2.717250439E-04 
        46  2.853736514E-04  9.719034279E-05  8.822211316E-05  2.654353734E-04 
        47  3.062220931E-04  6.906669296E-05  8.110587978E-05  3.211743461E-04 
        48  3.336573427E-04  4.302270099E-05  2.775908311E-05  3.200411847E-04 
        49  3.778000537E-04  1.927011363E-05  2.357188179E-05  3.768744278E-04 
        50  4.281607107E-04  4.444816568E-06  1.961275604E-05  4.300925550E-04 
        51  2.024650603E-04  2.887093251E-05  2.931386421E-05  2.067113238E-04 
        52  5.454315105E-04  5.464863534E-06  1.926840855E-05  5.412139952E-04 
        53 -2.194725676E-03  2.001270332E-05  7.043852328E-05 -2.213196658E-03 
        54 -2.109580906E-03  4.889264528E-05  6.674919455E-05 -2.110809722E-03 
        55 -2.008600393E-03  6.028297867E-05  6.249115734E-05 -2.009269490E-03 
        56 -1.909272978E-03  6.599442713E-05  5.855735120E-05 -1.909155614E-03 
        57 -1.810912741E-03  7.441060734E-05  5.673498202E-05 -1.809930395E-03 
        58 -1.711960300E-03  8.366380644E-05  5.515330775E-05 -1.709579807E-03 
        59 -1.612385036E-03  9.140119801E-05  5.457516422E-05 -1.609092055E-03 
        60 -1.514166361E-03  9.899165889E-05  5.383556151E-05 -1.509067679E-03 
        61 -1.417656662E-03  1.057615082E-04  5.490773208E-05 -1.410009075E-03 
        62 -1.318368129E-03  1.047652768E-04  5.715688499E-05 -1.310405891E-03 
        63 -1.215744414E-03  9.406553727E-05  6.005970237E-05 -1.209844188E-03 
        64 -1.111693564E-03  8.353329758E-05  6.361088174E-05 -1.108407631E-03 
        65 -2.440985059E-03  1.996844308E-03  1.934575948E-03 -2.495273050E-03 
        66 -2.388862893E-03  1.971292077E-03  1.936099255E-03 -2.392953671E-03 
        67 -2.288755961E-03  1.947722863E-03  1.936053435E-03 -2.289587949E-03 
        68 -2.185273217E-03  1.945844619E-03  1.934468811E-03 -2.185353151E-03 
        69 -2.081606537E-03  1.944224234E-03  1.932282097E-03 -2.081243068E-03 
        70 -1.978070475E-03  1.942344825E-03  1.931099759E-03 -1.977459928E-03 
        71 -1.874749549E-03  1.940158661E-03  1.931720263E-03 -1.874312453E-03 
        72 -1.771023730E-03  1.937688678E-03  1.935050064E-03 -1.771475459E-03 
        73 -1.668074401E-03  1.932879793E-03  1.942464568E-03 -1.670585838E-03 
        74  1.834101160E-03  1.445596572E-03  1.458946259E-03  1.808596001E-03 
        75  1.836676383E-03  1.433620811E-03  1.408633721E-03  1.805100119E-03 
        76  1.855475595E-03  1.415809849E-03  1.393045398E-03  1.847366747E-03 
        77  1.897860086E-03  1.385410782E-03  1.377934128E-03  1.894362010E-03 
        78  1.933812397E-03  1.368787955E-03  1.381869335E-03  1.946409453E-03 
        79  1.958456356E-03  1.362627489E-03  1.345086805E-03  1.947925945E-03 
        80  1.989715733E-03  1.354503795E-03  1.357796561E-03  1.991993022E-03 
        81  2.011445351E-03  1.338567818E-03  1.357473860E-03  2.022891454E-03 
        82  2.026931383E-03  1.308485982E-03  1.299073048E-03  2.020257754E-03 
        83  1.180958818E-03  2.135652494E-06  2.564670187E-05  1.216729608E-03 
        84  1.172000659E-03  2.135652494E-06  3.101034304E-05  1.138412517E-03 
        85  1.565475250E-03  5.954737426E-04  5.757771987E-04  1.538984415E-03 
        86 -2.817175118E-03  1.097452423E-05  4.912679422E-05 -2.825656849E-03 
        87 -2.919064835E-03  2.758690607E-05  4.152960011E-05 -2.921255581E-03 
        88 -3.015964292E-03  3.641810690E-05  4.077177812E-05 -3.017093035E-03 
        89 -3.112241160E-03  4.030736454E-05  4.724476742E-05 -3.112842704E-03 
        90 -3.184156260E-03  2.050164221E-05  5.527762229E-05 -3.210920916E-03 
        91 -4.440990742E-03  1.764588160E-05  5.780932662E-05 -4.424947168E-03 
        92 -4.491555039E-03  1.764588160E-05  5.596906824E-05 -4.526306414E-03 
        93  1.569062355E-03  5.999270361E-04  6.232774653E-04  1.551710865E-03 
        94  1.000664546E-03  1.987740863E-03  1.967796512E-03  9.859944441E-04 
        95  1.036098693E-03  1.987740863E-03  1.967889592E-03  1.075421463E-03 
        96  1.409071614E-03  1.862823963E-03  1.868211398E-03  1.409581679E-03 
        97  1.376850181E-03  1.879480551E-03  1.871273436E-03  1.376826709E-03 
        98  1.345431549E-03  1.895981841E-03  1.867500230E-03  1.331326106E-03 
        99  1.345533412E-03  1.901904587E-03  1.922916683E-03  1.327546091E-03 
       100  1.384033705E-03  1.907197991E-03  1.927677695E-03  1.391665935E-03 
       101  1.436457853E-03  1.915401313E-03  1.915664079E-03  1.434807790E-03 
       102  1.467120019E-03  1.920627081E-03  1.940247493E-03  1.479767767E-03 
       103  1.654287684E-03  1.855891664E-03  1.876924252E-03  1.647737271E-03 
       104  1.678483211E-03  1.854410279E-03  1.867363057E-03  1.716756957E-03 
       105  1.678499044E-03  1.852339017E-03  1.823944263E-03  1.705748553E-03 
       106  1.654495602E-03  1.853397116E-03  1.831441411E-03  1.658316801E-03 
       107  2.002394060E-03  1.596080954E-03  1.591250291E-03  2.008106913E-03 
       108  2.030352829E-03  1.616516034E-03  1.614549645E-03  1.995319904E-03 
       109  2.034931909E-03  1.621079282E-03  1.643250047E-03  2.019691707E-03 
       110  2.059646882E-03  1.619921648E-03  1.645020803E-03  2.057695175E-03 
       111  2.083726460E-03  1.616745256E-03  1.599528329E-03  2.063402677E-03 
       112  2.112430520E-03  1.602039207E-03  1.594385786E-03  2.113121066E-03 
       113  2.161904704E-03  1.573578687E-03  1.578827015E-03  2.164550487E-03 
       114  2.201454248E-03  1.549632521E-03  1.560635545E-03  2.212241754E-03 
       115  2.219128422E-03  1.539594610E-03  1.537186174E-03  2.246447085E-03 
       116  2.197009046E-03  1.524654566E-03  1.526256395E-03  2.194044070E-03 
       117  2.165676793E-03  1.493599266E-03  1.490133080E-03  2.186208653E-03 
       118  2.154583344E-03  1.474574907E-03  1.489211882E-03  2.127592443E-03 
       119  2.497767564E-03  1.502979663E-03  1.528830526E-03  2.472081007E-03 
       120  2.472315216E-03  1.488421578E-03  1.480862986E-03  2.473401436E-03 
       121  2.477851463E-03  1.437133527E-03  1.430629914E-03  2.478038126E-03 
       122  2.482918790E-03  1.697528176E-03  1.679062906E-03  2.481335120E-03 
       123  2.461151918E-03  1.693247468E-03  1.661777543E-03  2.450342357E-03 
       124  2.446146216E-03  1.695601968E-03  1.718517235E-03  2.445875227E-03 
       125  2.324406058E-03  1.821026206E-03  1.819129066E-03  2.323892695E-03 
       126  2.330390271E-03  1.871743589E-03  1.864089860E-03  2.315357995E-03 
       127  2.316660248E-03  1.918190392E-03  1.902874782E-03  2.287559326E-03 
       128  2.312025055E-03  1.965228934E-03  1.965327839E-03  2.307592949E-03 
       129  2.467725426E-03  7.830780232E-04  7.685759618E-04  2.475169477E-03 
       130  2.433768008E-03  7.689922932E-04  7.278509213E-04  2.442101369E-03 
       131  2.408385975E-03  7.532062009E-04  7.583994752E-04  2.398736895E-03 
       132  4.554904008E-04  1.974742394E-03  1.974844604E-03  4.631898431E-04 
       133  4.194010689E-04  1.941678463E-03  1.926672699E-03  4.543770204E-04 
       134  3.994867147E-04  1.909281709E-03  1.912972231E-03  3.935666735E-04 
       135  3.757506493E-04  1.868008636E-03  1.859741076E-03  3.878779436E-04 
       136  1.842012134E-04  1.837636577E-03  1.827176184E-03  1.726120209E-04 
       137  1.458684274E-04  1.859951066E-03  1.877753079E-03  1.572261929E-04 
       138  1.061958901E-04  1.882543205E-03  1.869255230E-03  1.027193741E-04 
       139  7.155963249E-05  1.897651237E-03  1.922587147E-03  9.292035272E-05 
       140  2.422025136E-05  1.913171029E-03  1.913217268E-03  2.418366512E-05 
       141 -4.260006608E-05  1.929163584E-03  1.901941876E-03 -5.184226983E-05 
       142 -8.625289774E-05  1.939615351E-03  1.967698909E-03 -6.296029824E-05 
       143 -1.512295858E-04  1.951296115E-03  1.961727822E-03 -1.543619787E-04 
       144 -2.527747129E-04  1.958925743E-03  1.952891398E-03 -2.536683967E-04 
       145 -3.579184704E-04  1.968504861E-03  1.944888835E-03 -3.576104262E-04 
       146 -4.616112274E-04  1.981393434E-03  1.937868019E-03 -4.625970964E-04 
       147 -5.642690812E-04  1.983513823E-03  1.933420872E-03 -5.677151537E-04 
       148 -6.669014692E-04  1.977513777E-03  1.931035804E-03 -6.720340127E-04 
       149 -7.698416593E-04  1.972286031E-03  1.929621388E-03 -7.762373276E-04 
       150 -8.737256285E-04  1.965565607E-03  1.929185365E-03 -8.805429480E-04 
       151 -9.789365577E-04  1.956767403E-03  1.931300447E-03 -9.845805923E-04 
       152 -1.085053897E-03  1.948675956E-03  1.936006340E-03 -1.087852054E-03 
       153 -1.190920128E-03  1.940113842E-03  1.943793790E-03 -1.188405186E-03 
       154 -1.294047688E-03  1.921965857E-03  1.951891793E-03 -1.285628838E-03 
       155 -1.345813507E-03  1.908894861E-03  1.852236959E-03 -1.322700402E-03 
       156 -1.391477999E-03  1.907456317E-03  1.874523444E-03 -1.398003815E-03 
       157 -1.477644313E-03  1.907594502E-03  1.874830866E-03 -1.474881274E-03 
       158 -1.521829050E-03  1.909119776E-03  1.850798777E-03 -1.553051966E-03 
       159 -1.570717199E-03  1.919243601E-03  1.951318214E-03 -1.572415930E-03 
