cellnumber     x-coordinate     y-coordinate     y-coordinate     x-coordinate 
         1 -4.196431488E-03  1.971022226E-03  1.931636683E-03 -4.211520295E-03 
         2 -4.130408168E-03  1.971021993E-03  1.933075753E-03 -4.109019672E-03 
         3 -3.180734115E-03  1.988983480E-03  1.943163964E-03 -3.201366508E-03 
         4 -3.098967485E-03  1.976883272E-03  1.941788315E-03 -3.105180951E-03 
         5 -3.002280835E-03  1.987899886E-03  1.939727861E-03 -3.005310109E-03 
         6 -2.640590072E-03  1.999255503E-03  1.932111083E-03 -2.699786421E-03 
         7  5.986568285E-04  2.292642876E-06  2.138182500E-05  6.018984717E-04 
         8  1.823811326E-03  2.265526418E-04  2.266481103E-04  1.821234054E-03 
         9  1.805060776E-03  2.525900200E-04  2.643540103E-04  1.814250299E-03 
        10  1.957680099E-03  8.127473120E-05  8.091219465E-05  1.957743481E-03 
        11  2.001850633E-03  6.845502503E-05  9.041714092E-05  2.019015436E-03 
        12  2.029929776E-03  2.849912562E-05  2.830262745E-05  2.024551158E-03 
        13  1.773113385E-03  4.960177466E-04  4.843803518E-04  1.767064534E-03 
        14  1.797285979E-03  4.971003509E-04  4.654353708E-04  1.801073935E-03 
        15  1.817477518E-03  5.124713061E-04  5.138274224E-04  1.819273723E-03 
        16  2.017658437E-03  6.192338187E-04  6.004832738E-04  2.019249871E-03 
        17  2.046041656E-03  6.365579320E-04  5.992221996E-04  2.076231558E-03 
        18  2.060689498E-03  6.594255101E-04  6.521674256E-04  2.084681672E-03 
        19 -1.007064595E-03  8.175423864E-05  6.636507486E-05 -1.005326591E-03 
        20 -9.019093704E-04  8.043364505E-05  6.680606303E-05 -9.013910211E-04 
        21 -7.968756254E-04  8.040254033E-05  6.575810028E-05 -7.972552363E-04 
        22 -6.921976455E-04  8.180343866E-05  6.355081433E-05 -6.935649223E-04 
        23 -5.874634953E-04  8.717385936E-05  6.038485763E-05 -5.907983585E-04 
        24 -4.900363274E-04  9.865136963E-05  5.539476994E-05 -4.882335345E-04 
        25 -4.360690655E-04  1.060729628E-04  1.637269837E-04 -4.703043525E-04 
        26 -3.770713520E-04  1.084461037E-04  1.461014197E-04 -3.694341506E-04 
        27 -2.770369465E-04  1.149170494E-04  1.281231806E-04 -2.752816664E-04 
        28 -1.918776543E-04  1.306419290E-04  1.108253011E-04 -1.840752402E-04 
        29 -1.420417393E-04  1.442208886E-04  1.824621522E-04 -1.631405136E-04 
        30 -9.033932292E-05  1.574225607E-04  1.562393313E-04 -8.961924719E-05 
        31 -4.983237159E-05  1.708912896E-04  1.429506679E-04 -2.640014050E-05 
        32 -1.825248364E-05  1.810906688E-04  1.926155920E-04 -1.566857720E-05 
        33  4.046998220E-05  1.972322789E-04  1.880186171E-04  3.887628747E-05 
        34  7.503235247E-05  2.067564637E-04  2.417783347E-04  4.495860527E-05 
        35  8.318803884E-05  2.086890017E-04  2.489255570E-04  9.405898740E-05 
        36  2.044754947E-04  2.255074942E-04  2.543585031E-04  2.013657630E-04 
        37  2.244617936E-04  2.173081739E-04  2.459371493E-04  2.552620506E-04 
        38  2.466408478E-04  1.904316887E-04  1.930118503E-04  2.622026838E-04 
        39  2.799090289E-04  1.408982207E-04  1.408289672E-04  2.717250439E-04 
        40  2.965494350E-04  1.112848477E-04  1.341849203E-04  3.194672796E-04 
        41  3.230325237E-04  8.032719052E-05  8.110587978E-05  3.211743461E-04 
        42  3.484862100E-04  5.136374239E-05  2.775908311E-05  3.200411847E-04 
        43  3.774484794E-04  3.372954234E-05  2.357188179E-05  3.768744278E-04 
        44  4.325719201E-04  1.113339476E-05  1.961275604E-05  4.300925550E-04 
        45  4.850665573E-04  3.039648618E-06  1.937761130E-05  4.826194126E-04 
        46  1.045378813E-04  2.847209362E-05  2.794200578E-05  1.007808420E-04 
        47  2.002758702E-04  2.825758202E-05  2.931386421E-05  2.067113238E-04 
        48  5.494015059E-04  2.292642876E-06  1.926840855E-05  5.412139952E-04 
        49 -2.412271453E-03  1.659284499E-05  7.332680564E-05 -2.420594786E-03 
        50 -2.313420409E-03  4.379404709E-05  7.311501499E-05 -2.316820890E-03 
        51 -2.212146297E-03  6.022063826E-05  7.043852328E-05 -2.213196658E-03 
        52 -2.110300818E-03  6.720123201E-05  6.674919455E-05 -2.110809722E-03 
        53 -2.008980140E-03  7.537414058E-05  6.249115734E-05 -2.009269490E-03 
        54 -1.910252380E-03  8.657139551E-05  5.855735120E-05 -1.909155614E-03 
        55 -1.812647562E-03  9.828393377E-05  5.673498202E-05 -1.809930395E-03 
        56 -1.713643316E-03  1.035415626E-04  5.515330775E-05 -1.709579807E-03 
        57 -1.613387489E-03  1.021166390E-04  5.457516422E-05 -1.609092055E-03 
        58 -1.514375326E-03  1.014888621E-04  5.383556151E-05 -1.509067679E-03 
        59 -1.417173073E-03  1.026264072E-04  5.490773208E-05 -1.410009075E-03 
        60 -1.317649032E-03  1.002773497E-04  5.715688499E-05 -1.310405891E-03 
        61 -1.215473749E-03  9.241054795E-05  6.005970237E-05 -1.209844188E-03 
        62 -1.111906371E-03  8.520810661E-05  6.361088174E-05 -1.108407631E-03 
        63 -2.591619501E-03  1.975341234E-03  1.933004749E-03 -2.597631251E-03 
        64 -2.493371721E-03  1.948470948E-03  1.934575948E-03 -2.495273050E-03 
        65 -2.392002614E-03  1.943091629E-03  1.936099255E-03 -2.392953671E-03 
        66 -2.289349446E-03  1.940118847E-03  1.936053435E-03 -2.289587949E-03 
        67 -2.185541671E-03  1.938003697E-03  1.934468811E-03 -2.185353151E-03 
        68 -2.081536222E-03  1.936416025E-03  1.932282097E-03 -2.081243068E-03 
        69 -1.977717271E-03  1.934971777E-03  1.931099759E-03 -1.977459928E-03 
        70 -1.874205074E-03  1.933387364E-03  1.931720263E-03 -1.874312453E-03 
        71 -1.770273084E-03  1.931278501E-03  1.935050064E-03 -1.771475459E-03 
        72 -1.667054719E-03  1.925266813E-03  1.942464568E-03 -1.670585838E-03 
        73  1.908199396E-03  8.772274596E-04  8.421551276E-04  1.924813670E-03 
        74  1.896366361E-03  8.787587285E-04  8.511538807E-04  1.868482330E-03 
        75  1.868981752E-03  9.008297347E-04  8.975857868E-04  1.857781324E-03 
        76  1.831538044E-03  9.406908648E-04  9.408219774E-04  1.838824946E-03 
        77  1.816305332E-03  9.638497140E-04  9.400340191E-04  1.803403101E-03 
        78  1.816059579E-03  9.650986758E-04  9.876068097E-04  1.793193515E-03 
        79  1.828771550E-03  9.813180659E-04  9.921250887E-04  1.827066055E-03 
        80  2.058815444E-03  8.472628542E-04  8.712197518E-04  2.077689761E-03 
        81  2.038323320E-03  8.684654604E-04  8.654230626E-04  2.025209337E-03 
        82  2.029818948E-03  9.091675165E-04  9.074255450E-04  2.032419717E-03 
        83  2.051919233E-03  9.288079455E-04  9.532104048E-04  2.051409553E-03 
        84  2.090432681E-03  9.262104868E-04  9.246226639E-04  2.092358951E-03 
        85  2.130668843E-03  9.316461510E-04  9.492860346E-04  2.116600518E-03 
        86  1.673861407E-03  1.326662838E-03  1.325694933E-03  1.692892936E-03 
        87  1.667301287E-03  1.330355299E-03  1.343450136E-03  1.648054619E-03 
        88  1.858813572E-03  1.616941299E-03  1.615014651E-03  1.856528149E-03 
        89  1.845821622E-03  1.659104484E-03  1.641236910E-03  1.805098654E-03 
        90  1.836762181E-03  1.693033264E-03  1.694727610E-03  1.821775591E-03 
        91  1.862790319E-03  1.007463743E-05  9.587620784E-06  1.856382647E-03 
        92  1.793926815E-03  1.751385571E-05  1.298239646E-05  1.800305695E-03 
        93  1.752397860E-03  1.521361537E-05  1.789888280E-05  1.752290621E-03 
        94  1.695588580E-03  3.168049079E-05  2.100762831E-05  1.693537571E-03 
        95  1.642372576E-03  2.292081081E-05  2.709459480E-05  1.626272040E-03 
        96  1.674571540E-03  3.658723726E-04  3.673699769E-04  1.686578676E-03 
        97  1.669221674E-03  4.016043385E-04  4.025631072E-04  1.678642407E-03 
        98  1.675054547E-03  4.370022798E-04  4.365416312E-04  1.672054282E-03 
        99 -2.473644214E-03  9.539090797E-07  7.110491468E-05 -2.524064784E-03 
       100 -2.716898918E-03  6.768451840E-06  5.825507198E-05 -2.727486420E-03 
       101 -2.818576293E-03  1.910329229E-05  4.912679422E-05 -2.825656849E-03 
       102 -2.918843646E-03  2.427555228E-05  4.152960011E-05 -2.921255581E-03 
       103 -3.016007831E-03  1.956899541E-05  4.077177812E-05 -3.017093035E-03 
       104 -3.113970859E-03  1.887351755E-05  4.724476742E-05 -3.112842704E-03 
       105 -3.213305725E-03  2.605948066E-05  5.527762229E-05 -3.210920916E-03 
       106 -3.305915045E-03  1.481424806E-05  6.199954715E-05 -3.311930414E-03 
       107 -4.543782212E-03  2.321015018E-05  5.596906824E-05 -4.526306414E-03 
       108 -4.598750733E-03  2.321015018E-05  5.666467444E-05 -4.629023667E-03 
       109  1.159558189E-03  1.507956069E-03  1.493791410E-03  1.161129173E-03 
       110  1.205499866E-03  1.519904821E-03  1.507255518E-03  1.219270325E-03 
       111  1.385588315E-03  1.633656793E-03  1.634375832E-03  1.387002411E-03 
       112  1.418411732E-03  1.636764500E-03  1.608469635E-03  1.426755265E-03 
       113  1.152680139E-03  1.745823654E-03  1.748211226E-03  1.154960487E-03 
       114  1.153901801E-03  1.794932643E-03  1.809861486E-03  1.115217514E-03 
       115  1.201746636E-03  1.819883706E-03  1.838381267E-03  1.193961290E-03 
       116  1.243931009E-03  1.821854967E-03  1.856961563E-03  1.267478446E-03 
       117  1.279525808E-03  1.817023032E-03  1.805745326E-03  1.280817148E-03 
       118  1.338761998E-03  1.809215755E-03  1.813306485E-03  1.337936873E-03 
       119  1.384238130E-03  1.797795878E-03  1.810099402E-03  1.382461143E-03 
       120  1.416167594E-03  1.794997719E-03  1.813666166E-03  1.410868630E-03 
       121  1.455642981E-03  1.656860346E-03  1.660659986E-03  1.451366918E-03 
       122  1.482897438E-03  1.669914811E-03  1.638747362E-03  1.507103921E-03 
       123  1.516064163E-03  1.676498563E-03  1.679332608E-03  1.519103754E-03 
       124  1.567282714E-03  1.675971202E-03  1.679761024E-03  1.569925101E-03 
       125  1.624454046E-03  1.735911355E-03  1.724050047E-03  1.617561812E-03 
       126  1.649478683E-03  1.711545046E-03  1.727118653E-03  1.667279858E-03 
       127  1.659449656E-03  1.677786000E-03  1.675496708E-03  1.670018958E-03 
       128  1.838968485E-03  1.736674458E-03  1.741734315E-03  1.824391549E-03 
       129  2.054349286E-03  1.998724183E-03  1.986188827E-03  2.025214329E-03 
       130  2.062367741E-03  1.995588187E-03  1.975137045E-03  2.052611461E-03 
       131  2.083878731E-03  1.986884978E-03  1.990182345E-03  2.097394330E-03 
       132  1.973442966E-03  1.818647608E-03  1.832375609E-03  1.960561342E-03 
       133  1.871933113E-03  1.579499803E-03  1.604245507E-03  1.900694087E-03 
       134  2.035969635E-03  1.495850622E-03  1.502289524E-03  2.036632457E-03 
       135  2.058568643E-03  1.485760557E-03  1.504105866E-03  2.066065880E-03 
       136  2.076091710E-03  1.460435102E-03  1.466422024E-03  2.080995507E-03 
       137  2.008784795E-03  1.812233706E-03  1.807313404E-03  2.006954733E-03 
       138  2.034480451E-03  1.798778889E-03  1.829975687E-03  2.025987510E-03 
       139  2.042927546E-03  1.788162626E-03  1.783070537E-03  2.065394997E-03 
       140  2.057673177E-03  1.759337028E-03  1.757814610E-03  2.043749175E-03 
       141  2.072479809E-03  1.733186073E-03  1.702017955E-03  2.057178114E-03 
       142  2.116538351E-03  1.717241597E-03  1.697432491E-03  2.119277579E-03 
       143  2.164965728E-03  1.716318075E-03  1.693538373E-03  2.179855741E-03 
       144  2.184670419E-03  1.746782800E-03  1.750290035E-03  2.171816233E-03 
       145  2.196515445E-03  1.771944342E-03  1.778636457E-03  2.178413830E-03 
       146  2.204094315E-03  1.784541528E-03  1.785777638E-03  2.211732807E-03 
       147  2.214723965E-03  1.798770856E-03  1.805605164E-03  2.233513882E-03 
       148  2.211660147E-03  1.803952502E-03  1.823114904E-03  2.238084112E-03 
       149  2.260901732E-03  1.320195384E-03  1.308258536E-03  2.260534084E-03 
       150  2.317079809E-03  1.312503242E-03  1.311649622E-03  2.315264781E-03 
       151  2.348479349E-03  1.287148101E-03  1.309046208E-03  2.366980009E-03 
       152  2.375287237E-03  1.249402179E-03  1.247261330E-03  2.368389516E-03 
       153  2.396725118E-03  1.216085977E-03  1.245371518E-03  2.419510050E-03 
       154  2.414448187E-03  1.174019650E-03  1.174323025E-03  2.420107199E-03 
       155  2.436933341E-03  1.120097702E-03  1.100568741E-03  2.417456800E-03 
       156  2.458041999E-03  1.076296205E-03  1.088416828E-03  2.472456147E-03 
       157  2.457107184E-03  1.005346770E-03  1.003605849E-03  2.467907693E-03 
       158  2.437952440E-03  9.566195076E-04  9.186405087E-04  2.467038520E-03 
       159  2.428843407E-03  9.539254825E-04  9.061622691E-04  2.410611837E-03 
       160  2.392941620E-03  9.617314208E-04  9.606268894E-04  2.387891978E-03 
       161  2.348834649E-03  9.819491534E-04  9.844346430E-04  2.350852199E-03 
       162  2.331620548E-03  1.007984858E-03  9.941431437E-04  2.322069513E-03 
       163  2.315590158E-03  1.028601779E-03  1.050554724E-03  2.320082296E-03 
       164  4.688043555E-04  1.975415042E-03  1.974844604E-03  4.631898431E-04 
       165  4.254428495E-04  1.938736765E-03  1.926672699E-03  4.543770204E-04 
       166  4.040561325E-04  1.905807294E-03  1.912972231E-03  3.935666735E-04 
       167  3.802879946E-04  1.860273653E-03  1.859741076E-03  3.878779436E-04 
       168  3.436662373E-04  1.818700694E-03  1.815530276E-03  3.660791114E-04 
       169  3.210521827E-04  1.800272497E-03  1.778576375E-03  3.562106028E-04 
       170  2.949773916E-04  1.797785750E-03  1.775497366E-03  2.941201200E-04 
       171  2.403912222E-04  1.805546694E-03  1.779225650E-03  2.401065689E-04 
       172  2.163588651E-04  1.813599956E-03  1.780499494E-03  1.843295540E-04 
       173  1.758870349E-04  1.827777363E-03  1.827176184E-03  1.726120209E-04 
       174  1.355553541E-04  1.842090627E-03  1.817677128E-03  1.132435071E-04 
       175  1.010251508E-04  1.860137447E-03  1.869255230E-03  1.027193741E-04 
       176  5.207775030E-05  1.881487551E-03  1.856895194E-03  3.873604122E-05 
       177  1.234239517E-05  1.895518391E-03  1.913217268E-03  2.418366512E-05 
       178 -5.399111251E-05  1.912766602E-03  1.901941876E-03 -5.184226983E-05 
       179 -1.175200159E-04  1.922355383E-03  1.883818147E-03 -1.349995385E-04 
       180 -1.674614177E-04  1.933518797E-03  1.961727822E-03 -1.543619787E-04 
       181 -2.506422170E-04  1.945714932E-03  1.952891398E-03 -2.536683967E-04 
       182 -3.566152591E-04  1.948612626E-03  1.944888835E-03 -3.576104262E-04 
       183 -4.617251107E-04  1.947382814E-03  1.937868019E-03 -4.625970964E-04 
       184 -5.665885401E-04  1.944735181E-03  1.933420872E-03 -5.677151537E-04 
       185 -6.707271095E-04  1.941564842E-03  1.931035804E-03 -6.720340127E-04 
       186 -7.746630581E-04  1.939299866E-03  1.929621388E-03 -7.762373276E-04 
       187 -8.789233398E-04  1.938152011E-03  1.929185365E-03 -8.805429480E-04 
       188 -9.837041143E-04  1.936876331E-03  1.931300447E-03 -9.845805923E-04 
       189 -1.089569763E-03  1.933579566E-03  1.936006340E-03 -1.087852054E-03 
       190 -1.196561148E-03  1.923366450E-03  1.943793790E-03 -1.188405186E-03 
       191 -1.272069523E-03  1.908617211E-03  1.951891793E-03 -1.285628838E-03 
       192 -1.322605880E-03  1.899990602E-03  1.852236959E-03 -1.322700402E-03 
       193 -1.393703162E-03  1.897943555E-03  1.874523444E-03 -1.398003815E-03 
       194 -1.476995647E-03  1.900084317E-03  1.874830866E-03 -1.474881274E-03 
       195 -1.536644064E-03  1.903136028E-03  1.850798777E-03 -1.553051966E-03 
       196 -1.585765160E-03  1.912039588E-03  1.951318214E-03 -1.572415930E-03 
