cellnumber     x-coordinate     y-coordinate     y-coordinate     x-coordinate 
         1 -4.718575161E-03  1.952633378E-03  1.945594745E-03 -4.718454719E-03 
         2 -4.618274048E-03  1.950237784E-03  1.941195501E-03 -4.618455788E-03 
         3 -4.517395981E-03  1.948362798E-03  1.936762355E-03 -4.517952941E-03 
         4 -4.415730480E-03  1.946841599E-03  1.933136697E-03 -4.416522146E-03 
         5 -4.313514568E-03  1.944657881E-03  1.931426409E-03 -4.314333929E-03 
         6 -4.210983403E-03  1.942208619E-03  1.931636683E-03 -4.211520295E-03 
         7 -4.108657129E-03  1.939662616E-03  1.933075753E-03 -4.109019672E-03 
         8 -4.006335046E-03  1.936427783E-03  1.934369578E-03 -4.006508197E-03 
         9 -3.904594341E-03  1.931657200E-03  1.936141286E-03 -3.904823046E-03 
        10 -3.804522101E-03  1.923680189E-03  1.938266303E-03 -3.804586373E-03 
        11 -3.707066877E-03  1.908426872E-03  1.940709876E-03 -3.705521991E-03 
        12 -3.612468019E-03  1.891221735E-03  1.941697752E-03 -3.607061421E-03 
        13 -3.517074278E-03  1.892771223E-03  1.938766576E-03 -3.509147931E-03 
        14 -3.410738893E-03  1.897951588E-03  1.932905906E-03 -3.406640362E-03 
        15 -3.334984882E-03  1.884069061E-03  1.937228295E-03 -3.300266113E-03 
        16 -3.281045472E-03  1.865553088E-03  1.809831896E-03 -3.294728159E-03 
        17 -3.203954315E-03  1.841327292E-03  1.833132486E-03 -3.204367597E-03 
        18 -3.121041460E-03  1.826608437E-03  1.835596545E-03 -3.118652356E-03 
        19 -3.031563712E-03  1.820966834E-03  1.817102320E-03 -3.031397520E-03 
        20 -2.932602307E-03  1.803311869E-03  1.804866979E-03 -2.932343393E-03 
        21 -2.828478813E-03  1.781388302E-03  1.798346128E-03 -2.825612704E-03 
        22 -2.739352174E-03  1.749689574E-03  1.796212136E-03 -2.718328058E-03 
        23 -2.687370637E-03  1.725198119E-03  1.664952175E-03 -2.730799394E-03 
        24 -2.454711823E-03  3.720876120E-04  3.697733932E-04 -2.454968943E-03 
        25 -2.347293776E-03  4.103335377E-04  3.662185855E-04 -2.332841970E-03 
        26 -2.283778507E-03  4.415876756E-04  5.170121534E-04 -2.328640062E-03 
        27 -2.197915222E-03  4.727941123E-04  4.965748243E-04 -2.196300302E-03 
        28 -2.095924690E-03  5.157141131E-04  4.650286524E-04 -2.072920559E-03 
        29 -2.011931268E-03  5.603388418E-04  6.124473144E-04 -2.026903482E-03 
        30 -1.916454174E-03  6.153758732E-04  5.513027783E-04 -1.889974474E-03 
        31 -1.802648418E-03  6.984688225E-04  7.165968441E-04 -1.824586185E-03 
        32 -1.659978880E-03  8.291941485E-04  8.687116337E-04 -1.720950005E-03 
        33 -1.588835265E-03  1.045785262E-03  1.065639569E-03 -1.632741831E-03 
        34 -1.588147716E-03  1.244781539E-03  1.251281120E-03 -1.543600492E-03 
        35 -1.664077747E-03  1.341259689E-03  1.390946185E-03 -1.615302864E-03 
        36 -1.773832599E-03  1.410510158E-03  1.339741886E-03 -1.829856047E-03 
        37 -1.862529898E-03  1.475935685E-03  1.508885932E-03 -1.845175443E-03 
        38 -1.982652582E-03  1.535621937E-03  1.514084867E-03 -1.984851751E-03 
        39 -2.105312422E-03  1.577373943E-03  1.538670614E-03 -2.111712873E-03 
        40 -2.219701419E-03  1.605960308E-03  1.575400397E-03 -2.225971439E-03 
        41 -2.320155036E-03  1.627546735E-03  1.614483053E-03 -2.320783245E-03 
        42 -2.403305611E-03  1.647104509E-03  1.616760229E-03 -2.408186522E-03 
        43 -2.447779523E-03  1.660942566E-03  1.708873001E-03 -2.409373332E-03 
        44 -2.507321537E-03  1.680785674E-03  1.694345655E-03 -2.508386553E-03 
        45 -2.615583595E-03  1.708571683E-03  1.676729652E-03 -2.616739931E-03 
        46 -2.575152088E-03  3.488172079E-04  3.602622400E-04 -2.576922968E-03 
        47 -2.694623778E-03  3.264746629E-04  3.375554304E-04 -2.696750642E-03 
        48 -2.820257330E-03  3.089158272E-04  3.020632581E-04 -2.813140606E-03 
        49 -2.908288501E-03  3.033904941E-04  2.514614593E-04 -2.912482779E-03 
        50 -2.978313947E-03  2.934150980E-04  3.451552469E-04 -2.994928149E-03 
        51 -3.068328369E-03  2.720103075E-04  2.440689218E-04 -3.061257662E-03 
        52 -3.164862748E-03  2.478920796E-04  2.861603377E-04 -3.164992166E-03 
        53 -3.227372887E-03  2.303907386E-04  1.685867443E-04 -3.193051086E-03 
        54 -3.293935908E-03  2.065704175E-04  1.837645910E-04 -3.297713355E-03 
        55 -3.409738652E-03  1.767086796E-04  1.897839946E-04 -3.409442843E-03 
        56 -3.522191662E-03  1.557123469E-04  1.873953780E-04 -3.522972421E-03 
        57 -3.631713800E-03  1.396631851E-04  1.761512910E-04 -3.635300930E-03 
        58 -3.732312238E-03  1.309830695E-04  1.566616228E-04 -3.735074276E-03 
        59 -3.824761370E-03  1.219904298E-04  1.445315329E-04 -3.824581034E-03 
        60 -3.906652331E-03  1.118436485E-04  1.532715145E-04 -3.914510709E-03 
        61 -3.954864107E-03  1.018505500E-04  5.225894635E-05 -3.921222529E-03 
        62 -4.018379375E-03  8.528961916E-05  5.689246147E-05 -4.020525214E-03 
        63 -4.120734520E-03  6.910631782E-05  6.073745610E-05 -4.121556536E-03 
        64 -4.223043565E-03  6.178971671E-05  6.198469455E-05 -4.222944128E-03 
        65 -4.324604757E-03  5.833340401E-05  6.007520483E-05 -4.324261684E-03 
        66 -4.425285384E-03  5.559450437E-05  5.780932662E-05 -4.424947168E-03 
        67 -4.526635632E-03  5.401559974E-05  5.596906824E-05 -4.526306414E-03 
        68 -4.628371447E-03  5.183902613E-05  5.666467444E-05 -4.629023667E-03 
        69 -4.729127046E-03  3.041561104E-05  6.050692886E-05 -4.730923795E-03 
        70 -4.788089078E-03  5.514722943E-06  6.405840120E-05 -4.833593435E-03 
        71 -4.904234782E-03  1.979303546E-03  1.948290908E-03 -4.918495029E-03 
        72 -4.818709102E-03  1.956238179E-03  1.948353827E-03 -4.818912674E-03 
        73 -5.698301829E-03  1.830078145E-05  6.005380669E-05 -5.732217633E-03 
        74 -5.632803775E-03  4.459895717E-05  5.134376603E-05 -5.633311034E-03 
        75 -5.538131576E-03  5.865987987E-05  4.459777306E-05 -5.537449764E-03 
        76 -5.449271761E-03  3.236170232E-05  4.492314267E-05 -5.441885650E-03 
