cellnumber     x-coordinate     y-coordinate     y-coordinate     x-coordinate 
         1 -4.771057051E-03  1.789113507E-03  1.733014863E-03 -4.751042280E-03 
         2 -4.723005928E-03  1.789105358E-03  1.837029221E-03 -4.729127308E-03 
         3 -4.638687707E-03  1.781957108E-03  1.821740042E-03 -4.632239029E-03 
         4 -4.562106449E-03  1.757648890E-03  1.807912195E-03 -4.531995633E-03 
         5 -4.512640648E-03  1.733615645E-03  1.673160894E-03 -4.552765745E-03 
         6 -4.438422620E-03  1.699788263E-03  1.657996434E-03 -4.444046329E-03 
         7 -4.338035360E-03  1.632073894E-03  1.654899741E-03 -4.330955500E-03 
         8 -4.281529691E-03  1.583441859E-03  1.515828401E-03 -4.334144791E-03 
         9 -4.214890767E-03  1.519118901E-03  1.523675039E-03 -4.213560722E-03 
        10 -4.152259789E-03  1.456653001E-03  1.389921326E-03 -4.202633216E-03 
        11 -4.107022192E-03  1.402138500E-03  1.408366623E-03 -4.089285426E-03 
        12 -4.046971910E-03  1.301666256E-03  1.292959640E-03 -4.068139200E-03 
        13 -4.001145717E-03  1.197163598E-03  1.203753791E-03 -3.993589888E-03 
        14 -3.971396480E-03  1.110587036E-03  1.109987737E-03 -4.054213653E-03 
        15 -3.959418274E-03  1.039464260E-03  1.052445936E-03 -3.917634001E-03 
        16 -3.978891764E-03  9.168884135E-04  9.121835981E-04 -3.931950628E-03 
        17 -4.011414945E-03  8.281780174E-04  7.473452839E-04 -3.918867149E-03 
        18 -4.089989234E-03  7.463921793E-04  7.503230097E-04 -4.092622937E-03 
        19 -4.166007973E-03  6.681898376E-04  7.439251975E-04 -4.254512371E-03 
        20 -4.229722545E-03  6.115132710E-04  5.792004416E-04 -4.226489920E-03 
        21 -4.352452233E-03  5.163238384E-04  5.684697442E-04 -4.358232503E-03 
        22 -4.414544906E-03  4.756108974E-04  5.608407806E-04 -4.500182448E-03 
        23 -4.478690680E-03  4.320980515E-04  4.007218101E-04 -4.470482238E-03 
        24 -4.579508211E-03  3.820488055E-04  3.463146793E-04 -4.574368077E-03 
        25 -4.656016361E-03  3.564947983E-04  4.125673128E-04 -4.687068236E-03 
        26 -4.737426993E-03  3.145480878E-04  2.909377611E-04 -4.723329979E-03 
        27 -4.824338481E-03  2.729572007E-04  3.161734948E-04 -4.837980414E-03 
        28 -4.881375935E-03  2.452454355E-04  1.899614240E-04 -4.839295510E-03 
        29 -4.949311260E-03  2.132248046E-04  1.975887156E-04 -4.949121145E-03 
        30 -5.057892296E-03  1.781049068E-04  1.990133198E-04 -5.060702592E-03 
        31 -5.164073315E-03  1.492950978E-04  1.933696831E-04 -5.173974200E-03 
        32 -5.266598426E-03  1.232323702E-04  1.793242986E-04 -5.284524684E-03 
        33 -6.215587724E-03  1.993665239E-03  1.942084476E-03 -6.241432963E-03 
        34 -6.134064402E-03  1.986632589E-03  1.944167968E-03 -6.138718099E-03 
        35 -6.033421960E-03  1.975262305E-03  1.948080179E-03 -6.036384771E-03 
        36 -5.936712958E-03  1.959299436E-03  1.952643376E-03 -5.937578608E-03 
        37 -5.840753205E-03  1.952473656E-03  1.950483939E-03 -5.840505752E-03 
        38 -5.741746165E-03  1.948810881E-03  1.944291145E-03 -5.741907226E-03 
        39 -5.639550742E-03  1.945760217E-03  1.936661234E-03 -5.640823781E-03 
        40 -5.535025150E-03  1.943860319E-03  1.932288155E-03 -5.536746068E-03 
        41 -5.430372898E-03  1.941833994E-03  1.930799866E-03 -5.431590773E-03 
        42 -5.325409584E-03  1.939341309E-03  1.931409215E-03 -5.326042501E-03 
        43 -5.220669787E-03  1.932327054E-03  1.934327000E-03 -5.221331158E-03 
        44 -5.123599898E-03  1.904419973E-03  1.938990709E-03 -5.118253907E-03 
        45 -5.070426967E-03  1.879971707E-03  1.821575003E-03 -5.106552133E-03 
        46 -5.011583213E-03  1.864438877E-03  1.838856195E-03 -5.007557313E-03 
        47 -4.917507060E-03  1.833028276E-03  1.850246914E-03 -4.917136210E-03 
        48 -4.848892335E-03  1.807331340E-03  1.848904220E-03 -4.824341183E-03 
        49 -4.804029129E-03  1.795176417E-03  1.762901337E-03 -4.832205758E-03 
        50 -6.505905651E-03  1.166479888E-05  4.872757658E-05 -6.545017618E-03 
        51 -6.444548722E-03  2.098327786E-05  4.874166777E-05 -6.448031453E-03 
        52 -6.347566377E-03  9.318479897E-06  5.285901885E-05 -6.349655635E-03 
        53 -5.833120551E-03  2.073051292E-05  6.710090730E-05 -5.834726738E-03 
        54 -5.731731653E-03  5.117355977E-05  6.005380669E-05 -5.732217633E-03 
        55 -5.631186534E-03  7.165201532E-05  5.134376603E-05 -5.633311034E-03 
        56 -5.568992812E-03  8.782694931E-05  4.459777306E-05 -5.537449764E-03 
        57 -5.526305176E-03  9.707962454E-05  1.324680752E-04 -5.537501702E-03 
        58 -5.454101600E-03  1.038571572E-04  1.328127564E-04 -5.458590871E-03 
        59 -5.364227109E-03  1.098275898E-04  1.568761817E-04 -5.380775277E-03 
