cellnumber     x-coordinate     y-coordinate     y-coordinate     x-coordinate 
         1 -4.670082591E-03  1.996556297E-03  1.945594745E-03 -4.718454719E-03 
         2 -4.614530131E-03  1.991739729E-03  1.941195501E-03 -4.618455788E-03 
         3 -4.528068472E-03  1.995183527E-03  1.936762355E-03 -4.517952941E-03 
         4 -4.374812823E-03  1.999098808E-03  1.933136697E-03 -4.416522146E-03 
         5 -4.310935736E-03  1.982118469E-03  1.931426409E-03 -4.314333929E-03 
         6 -4.210341722E-03  1.955384389E-03  1.931636683E-03 -4.211520295E-03 
         7 -4.108598456E-03  1.942222007E-03  1.933075753E-03 -4.109019672E-03 
         8 -4.006335046E-03  1.938470872E-03  1.934369578E-03 -4.006508197E-03 
         9 -3.904609475E-03  1.935827546E-03  1.936141286E-03 -3.904823046E-03 
        10 -3.804385429E-03  1.932787593E-03  1.938266303E-03 -3.804586373E-03 
        11 -3.705957672E-03  1.927786157E-03  1.940709876E-03 -3.705521991E-03 
        12 -3.609099425E-03  1.922660740E-03  1.941697752E-03 -3.607061421E-03 
        13 -3.512375522E-03  1.922860625E-03  1.938766576E-03 -3.509147931E-03 
        14 -3.407899290E-03  1.921063755E-03  1.932905906E-03 -3.406640362E-03 
        15 -3.300222103E-03  1.903838478E-03  1.937228295E-03 -3.300266113E-03 
        16 -3.239413723E-03  1.886236831E-03  1.943163964E-03 -3.201366508E-03 
        17 -3.197349608E-03  1.876758994E-03  1.833132486E-03 -3.204367597E-03 
        18 -3.117169254E-03  1.870165579E-03  1.835596545E-03 -3.118652356E-03 
        19 -3.020015545E-03  1.870829379E-03  1.817102320E-03 -3.031397520E-03 
        20 -2.919092309E-03  1.868470921E-03  1.804866979E-03 -2.932343393E-03 
        21 -2.816470806E-03  1.852922607E-03  1.798346128E-03 -2.825612704E-03 
        22 -2.713794587E-03  1.829547808E-03  1.796212136E-03 -2.718328058E-03 
        23 -2.449504798E-03  3.061784373E-04  3.697733932E-04 -2.454968943E-03 
        24 -2.331732539E-03  3.304480924E-04  3.662185855E-04 -2.332841970E-03 
        25 -2.211616375E-03  3.507354122E-04  3.520143230E-04 -2.212597215E-03 
        26 -2.113075461E-03  3.763425339E-04  3.312500706E-04 -2.099126022E-03 
        27 -2.051325981E-03  3.975442960E-04  4.650286524E-04 -2.072920559E-03 
        28 -1.938524190E-03  4.192096530E-04  4.173342036E-04 -1.946427311E-03 
        29 -1.842441387E-03  4.373315605E-04  5.513027783E-04 -1.889974474E-03 
        30 -1.768801245E-03  4.631312040E-04  5.081944410E-04 -1.765897384E-03 
        31 -1.645760145E-03  5.038080853E-04  5.146913914E-04 -1.643351564E-03 
        32 -1.512823859E-03  5.308897817E-04  5.452351601E-04 -1.510181627E-03 
        33 -1.358288340E-03  6.191409193E-04  5.787088589E-04 -1.353333446E-03 
        34 -1.278501237E-03  6.986392546E-04  7.955271984E-04 -1.392863480E-03 
        35 -1.193802920E-03  8.047663141E-04  8.043713499E-04 -1.175082467E-03 
        36 -1.105713076E-03  1.018762705E-03  1.014719352E-03 -1.167532673E-03 
        37 -1.140882494E-03  1.223596395E-03  1.218337260E-03 -1.160650360E-03 
        38 -1.200120896E-03  1.341768657E-03  1.388831252E-03 -1.130949901E-03 
        39 -1.293902635E-03  1.420441666E-03  1.420867578E-03 -1.300755326E-03 
        40 -1.456403290E-03  1.510050730E-03  1.503794129E-03 -1.448220929E-03 
        41 -1.561650308E-03  1.548911212E-03  1.615152290E-03 -1.546052270E-03 
        42 -1.649100217E-03  1.582181780E-03  1.546881967E-03 -1.685007620E-03 
        43 -1.755254692E-03  1.624554629E-03  1.673647406E-03 -1.725666230E-03 
        44 -1.853836235E-03  1.651104656E-03  1.652610595E-03 -1.855339528E-03 
        45 -1.974347280E-03  1.671570004E-03  1.656135306E-03 -1.975000886E-03 
        46 -2.090680646E-03  1.687706448E-03  1.670428292E-03 -2.091832782E-03 
        47 -2.202396747E-03  1.703739050E-03  1.689752994E-03 -2.203074674E-03 
        48 -2.308734925E-03  1.716163708E-03  1.706514208E-03 -2.308241856E-03 
        49 -2.408800879E-03  1.730543328E-03  1.708873001E-03 -2.409373332E-03 
        50 -2.471598797E-03  1.744230161E-03  1.694345655E-03 -2.508386553E-03 
        51 -2.522790339E-03  1.770141418E-03  1.807533011E-03 -2.506620354E-03 
        52 -2.610748168E-03  1.804655418E-03  1.799962270E-03 -2.611890894E-03 
        53 -2.515821951E-03  2.912151394E-04  3.602622400E-04 -2.576922968E-03 
        54 -2.571911085E-03  2.762035292E-04  2.134558165E-04 -2.551091762E-03 
        55 -2.676188713E-03  2.540280693E-04  1.989311877E-04 -2.660682491E-03 
        56 -2.743976889E-03  2.464411373E-04  1.782028234E-04 -2.766268784E-03 
        57 -2.802130301E-03  2.419655648E-04  3.020632581E-04 -2.813140606E-03 
        58 -2.903547138E-03  2.302364737E-04  2.514614593E-04 -2.912482779E-03 
        59 -2.986385487E-03  2.194014087E-04  1.949605707E-04 -2.983549814E-03 
        60 -3.050524741E-03  2.045730071E-04  2.440689218E-04 -3.061257662E-03 
        61 -3.113056999E-03  1.821530459E-04  1.454524803E-04 -3.098442181E-03 
        62 -3.193745622E-03  1.581309625E-04  1.685867443E-04 -3.193051086E-03 
        63 -3.300225828E-03  1.365369390E-04  1.837645910E-04 -3.297713355E-03 
        64 -3.355914727E-03  1.246656175E-04  6.199954715E-05 -3.311930414E-03 
        65 -3.413452068E-03  1.069934588E-04  6.462525821E-05 -3.415662322E-03 
        66 -3.520773025E-03  8.552742656E-05  6.380833434E-05 -3.520089625E-03 
        67 -3.626006423E-03  7.953376917E-05  5.980250934E-05 -3.623612789E-03 
        68 -3.726395778E-03  8.093148790E-05  5.360691041E-05 -3.723738008E-03 
        69 -3.823247971E-03  7.808006922E-05  5.102335929E-05 -3.822366682E-03 
        70 -3.920470364E-03  6.810331979E-05  5.225894635E-05 -3.921222529E-03 
        71 -4.019700922E-03  6.003412273E-05  5.689246147E-05 -4.020525214E-03 
        72 -4.121313803E-03  5.538104233E-05  6.073745610E-05 -4.121556536E-03 
        73 -4.223254044E-03  5.236384823E-05  6.198469455E-05 -4.222944128E-03 
        74 -4.324679263E-03  5.025310020E-05  6.007520483E-05 -4.324261684E-03 
        75 -4.425381776E-03  4.734986578E-05  5.780932662E-05 -4.424947168E-03 
        76 -4.526604898E-03  4.123005419E-05  5.596906824E-05 -4.526306414E-03 
        77 -4.627852235E-03  2.509008846E-05  5.666467444E-05 -4.629023667E-03 
        78 -4.726784304E-03  6.627016774E-06  6.050692886E-05 -4.730923795E-03 
        79 -5.276046228E-03  1.802787119E-05  5.901185833E-05 -5.247603241E-03 
        80 -5.204897374E-03  1.979802502E-03  1.934327000E-03 -5.221331158E-03 
        81 -5.118500907E-03  1.961506903E-03  1.938990709E-03 -5.118253907E-03 
        82 -5.042370409E-03  1.981704263E-03  1.944484711E-03 -5.017463170E-03 
        83 -5.593773443E-03  1.108380184E-05  5.134376603E-05 -5.633311034E-03 
        84 -5.537028890E-03  3.168209514E-05  4.459777306E-05 -5.537449764E-03 
        85 -5.441950634E-03  4.202966738E-05  4.492314267E-05 -5.441885650E-03 
        86 -5.343816243E-03  3.945924618E-05  5.082560188E-05 -5.345947182E-03 
