cellnumber     x-coordinate     y-coordinate     y-coordinate     x-coordinate 
         1 -4.177952185E-03  1.975177787E-03  1.931636683E-03 -4.211520295E-03 
         2 -4.108245019E-03  1.965598902E-03  1.933075753E-03 -4.109019672E-03 
         3 -4.052365664E-03  1.990421209E-03  1.934369578E-03 -4.006508197E-03 
         4 -3.149488242E-03  1.996719511E-03  1.943163964E-03 -3.201366508E-03 
         5 -3.097812645E-03  1.983932685E-03  1.941788315E-03 -3.105180951E-03 
         6 -2.997648204E-03  1.979490975E-03  1.939727861E-03 -3.005310109E-03 
         7 -2.922227839E-03  1.992277801E-03  1.935561470E-03 -2.904892689E-03 
         8  1.066953992E-03  1.298660936E-05  3.561057739E-05  1.060296711E-03 
         9  1.014144975E-03  9.752096958E-06  3.973284875E-05  9.851097223E-04 
        10  7.155375206E-04  2.821556791E-06  2.376551705E-05  7.244123886E-04 
        11  6.669731229E-04  1.129927659E-05  2.274665324E-05  6.657491188E-04 
        12  6.034896360E-04  1.410538061E-05  2.138182500E-05  6.018984717E-04 
        13  1.849965076E-03  2.172252716E-04  2.249752392E-04  1.868745874E-03 
        14  1.838337979E-03  2.327221155E-04  2.266481103E-04  1.821234054E-03 
        15  1.810231246E-03  2.552705701E-04  2.643540103E-04  1.814250299E-03 
        16  1.734085497E-03  4.160134704E-04  4.118375167E-04  1.737779301E-03 
        17  1.791833085E-03  4.204941215E-04  4.138385057E-04  1.791122403E-03 
        18  1.824828214E-03  4.296429397E-04  4.077900278E-04  1.844233139E-03 
        19  1.852182671E-03  4.481794022E-04  4.511102458E-04  1.849586075E-03 
        20  1.879339572E-03  4.703156301E-04  4.878464729E-04  1.860332154E-03 
        21  1.894173212E-03  4.855913576E-04  4.751523556E-04  1.912171206E-03 
        22  1.921892632E-03  5.507559399E-05  2.936931078E-05  1.958600325E-03 
        23  1.956833061E-03  6.567172386E-05  8.091219465E-05  1.957743481E-03 
        24  2.018431900E-03  8.534920198E-05  9.041714092E-05  2.019015436E-03 
        25  2.088888781E-03  8.171390800E-05  9.321694742E-05  2.087244387E-03 
        26  2.133224159E-03  6.317124644E-05  8.927237462E-05  2.158173226E-03 
        27  2.154641552E-03  2.933530050E-05  2.897047908E-05  2.166466837E-03 
        28  1.963727875E-03  4.821688926E-04  4.823417090E-04  1.960243117E-03 
        29  1.997763058E-03  4.577059299E-04  4.871746654E-04  2.003087250E-03 
        30  2.021271037E-03  4.528547579E-04  4.315956231E-04  2.004274617E-03 
        31  2.033270430E-03  4.528886639E-04  4.363398736E-04  2.053019977E-03 
        32  2.060792642E-03  4.572658509E-04  4.757994699E-04  2.056123709E-03 
        33  2.101574326E-03  4.655878583E-04  4.581083354E-04  2.106227612E-03 
        34  2.126093721E-03  4.737167037E-04  5.117122199E-04  2.116709311E-03 
        35  2.149238018E-03  4.968231078E-04  4.923889213E-04  2.151452060E-03 
        36  2.180761192E-03  5.292918650E-04  5.355678912E-04  2.172670035E-03 
        37  2.199894283E-03  5.431613536E-04  5.211355136E-04  2.206125792E-03 
        38  2.222340787E-03  5.707957316E-04  5.666132943E-04  2.227791747E-03 
        39  2.232355066E-03  6.198214251E-04  6.176894388E-04  2.226688509E-03 
        40  2.223642776E-03  6.679132348E-04  6.667615617E-04  2.222508414E-03 
        41  2.221755218E-03  7.028793916E-04  7.151286315E-04  2.239451992E-03 
        42 -1.006860984E-03  7.961997471E-05  6.636507486E-05 -1.005326591E-03 
        43 -9.018085548E-04  7.793503028E-05  6.680606303E-05 -9.013910211E-04 
        44 -7.969440194E-04  7.643961726E-05  6.575810028E-05 -7.972552363E-04 
        45 -6.926488713E-04  7.453168655E-05  6.355081433E-05 -6.935649223E-04 
        46 -5.888126907E-04  7.413137064E-05  6.038485763E-05 -5.907983585E-04 
        47 -4.839746107E-04  7.777156861E-05  5.539476994E-05 -4.882335345E-04 
        48 -4.008339311E-04  8.830038860E-05  4.835427240E-05 -3.882786737E-04 
        49 -3.504131164E-04  9.658317867E-05  1.461014197E-04 -3.694341506E-04 
        50 -2.797762863E-04  1.028824699E-04  1.281231806E-04 -2.752816664E-04 
        51 -1.860680204E-04  1.233128423E-04  1.108253011E-04 -1.840752402E-04 
        52 -1.362238545E-04  1.394030696E-04  1.824621522E-04 -1.631405136E-04 
        53 -9.227295959E-05  1.507647976E-04  1.562393313E-04 -8.961924719E-05 
        54 -4.608943345E-05  1.666054886E-04  1.429506679E-04 -2.640014050E-05 
        55 -1.389621411E-05  1.798526064E-04  1.926155920E-04 -1.566857720E-05 
        56  3.995902807E-05  1.965811243E-04  1.880186171E-04  3.887628747E-05 
        57  7.457470929E-05  2.071839262E-04  2.417783347E-04  4.495860527E-05 
        58  8.366395195E-05  2.093877702E-04  2.489255570E-04  9.405898740E-05 
        59  1.033470471E-04  2.859667438E-05  2.794200578E-05  1.007808420E-04 
        60  2.409697045E-04  1.794279378E-04  1.930118503E-04  2.622026838E-04 
        61  2.627615759E-04  1.405397925E-04  1.408289672E-04  2.717250439E-04 
        62  2.851873578E-04  9.657474584E-05  8.822211316E-05  2.654353734E-04 
        63  3.053373366E-04  6.856398250E-05  8.110587978E-05  3.211743461E-04 
        64  3.328161547E-04  4.274393359E-05  2.775908311E-05  3.200411847E-04 
        65  3.778130340E-04  1.876570423E-05  2.357188179E-05  3.768744278E-04 
        66  4.278990673E-04  4.358338629E-06  1.961275604E-05  4.300925550E-04 
        67  2.020650427E-04  2.875885730E-05  2.931386421E-05  2.067113238E-04 
        68  5.453981576E-04  5.627661267E-06  1.926840855E-05  5.412139952E-04 
        69 -2.306156792E-03  2.011055221E-05  7.311501499E-05 -2.316820890E-03 
        70 -2.211462473E-03  5.024440543E-05  7.043852328E-05 -2.213196658E-03 
        71 -2.110137604E-03  6.264200056E-05  6.674919455E-05 -2.110809722E-03 
        72 -2.008829499E-03  6.943447079E-05  6.249115734E-05 -2.009269490E-03 
        73 -1.909955638E-03  7.991246821E-05  5.855735120E-05 -1.909155614E-03 
        74 -1.812302857E-03  9.338914242E-05  5.673498202E-05 -1.809930395E-03 
        75 -1.713610487E-03  1.029304694E-04  5.515330775E-05 -1.709579807E-03 
        76 -1.613674918E-03  1.052377847E-04  5.457516422E-05 -1.609092055E-03 
        77 -1.514893374E-03  1.061182047E-04  5.383556151E-05 -1.509067679E-03 
        78 -1.417775289E-03  1.068589700E-04  5.490773208E-05 -1.410009075E-03 
        79 -1.317968359E-03  1.022862780E-04  5.715688499E-05 -1.310405891E-03 
        80 -1.215392607E-03  9.187663818E-05  6.005970237E-05 -1.209844188E-03 
        81 -1.111659338E-03  8.340583008E-05  6.361088174E-05 -1.108407631E-03 
        82 -2.552568680E-03  1.990554854E-03  1.933004749E-03 -2.597631251E-03 
        83 -2.491387771E-03  1.964225434E-03  1.934575948E-03 -2.495273050E-03 
        84 -2.391695976E-03  1.945986645E-03  1.936099255E-03 -2.392953671E-03 
        85 -2.289080294E-03  1.943634124E-03  1.936053435E-03 -2.289587949E-03 
        86 -2.185409889E-03  1.941821887E-03  1.934468811E-03 -2.185353151E-03 
        87 -2.081564395E-03  1.939989743E-03  1.932282097E-03 -2.081243068E-03 
        88 -1.977854874E-03  1.937933266E-03  1.931099759E-03 -1.977459928E-03 
        89 -1.874382957E-03  1.935644308E-03  1.931720263E-03 -1.874312453E-03 
        90 -1.770467265E-03  1.932973508E-03  1.935050064E-03 -1.771475459E-03 
        91 -1.667264500E-03  1.926828292E-03  1.942464568E-03 -1.670585838E-03 
        92  1.850584056E-03  1.415036037E-03  1.393045398E-03  1.847366747E-03 
        93  1.828695298E-03  1.429150230E-03  1.408633721E-03  1.805100119E-03 
        94  1.827256638E-03  1.447356772E-03  1.458946259E-03  1.808596001E-03 
        95  1.854994916E-03  1.569838962E-03  1.560884347E-03  1.827830160E-03 
        96  1.862936420E-03  1.611760585E-03  1.615014651E-03  1.856528149E-03 
        97  1.704480266E-03  1.677562133E-03  1.639663550E-03  1.715254091E-03 
        98  1.737479470E-03  1.691295998E-03  1.674905581E-03  1.747979358E-03 
        99  1.768781571E-03  1.723784255E-03  1.719651303E-03  1.773429624E-03 
       100  1.916303532E-03  5.409506775E-05  2.101065743E-05  1.906211827E-03 
       101  1.108804834E-03  3.234512405E-06  3.101034304E-05  1.138412517E-03 
       102  1.705942093E-03  3.684083640E-04  3.673699769E-04  1.686578676E-03 
       103  1.703394344E-03  4.010621342E-04  4.025631072E-04  1.678642407E-03 
       104 -2.759326715E-03  8.172407888E-07  5.825507198E-05 -2.727486420E-03 
       105 -2.816266613E-03  1.103671457E-05  4.912679422E-05 -2.825656849E-03 
       106 -2.918566577E-03  2.440210483E-05  4.152960011E-05 -2.921255581E-03 
       107 -3.015832044E-03  3.068860678E-05  4.077177812E-05 -3.017093035E-03 
       108 -3.112479812E-03  3.642111915E-05  4.724476742E-05 -3.112842704E-03 
       109 -3.212447045E-03  3.328811363E-05  5.527762229E-05 -3.210920916E-03 
       110 -3.277805867E-03  1.337296999E-05  6.199954715E-05 -3.311930414E-03 
       111 -4.467086401E-03  1.404647628E-05  5.780932662E-05 -4.424947168E-03 
       112 -4.526591394E-03  2.003823829E-05  5.596906824E-05 -4.526306414E-03 
       113 -4.581901710E-03  5.991762464E-06  5.666467444E-05 -4.629023667E-03 
       114  1.376751461E-03  1.618194859E-03  1.634375832E-03  1.387002411E-03 
       115  1.396607026E-03  1.595734851E-03  1.608469635E-03  1.426755265E-03 
       116  1.411117380E-03  1.574476948E-03  1.561072749E-03  1.396691022E-03 
       117  1.438212465E-03  1.547810389E-03  1.539287077E-03  1.429685494E-03 
       118  1.454432961E-03  1.534576179E-03  1.508124257E-03  1.449609407E-03 
       119  1.456607133E-03  1.536075841E-03  1.522023490E-03  1.477240600E-03 
       120  1.463319757E-03  1.576269511E-03  1.571148631E-03  1.458417888E-03 
       121  1.468565548E-03  1.615218818E-03  1.589262523E-03  1.498076881E-03 
       122  1.216239063E-03  1.782517065E-03  1.783827280E-03  1.217834789E-03 
       123  1.227145782E-03  1.821557758E-03  1.838381267E-03  1.193961290E-03 
       124  1.272337278E-03  1.835923991E-03  1.856961563E-03  1.267478446E-03 
       125  1.316510956E-03  1.836861833E-03  1.867500230E-03  1.331326106E-03 
       126  1.343140262E-03  1.830509980E-03  1.813306485E-03  1.337936873E-03 
       127  1.378082088E-03  1.823215745E-03  1.810099402E-03  1.382461143E-03 
       128  1.402344205E-03  1.832351671E-03  1.813666166E-03  1.410868630E-03 
       129  1.415298670E-03  1.850081258E-03  1.868211398E-03  1.409581679E-03 
       130  1.581054064E-03  1.714223414E-03  1.712561603E-03  1.569663486E-03 
       131  1.590078115E-03  1.694827573E-03  1.679761024E-03  1.569925101E-03 
       132  1.617641305E-03  1.688553137E-03  1.685627301E-03  1.617964135E-03 
       133  1.656233566E-03  1.691232552E-03  1.675496708E-03  1.670018958E-03 
       134  1.661088318E-03  1.727975323E-03  1.727118653E-03  1.667279858E-03 
       135  1.667644130E-03  1.775228651E-03  1.782199968E-03  1.660432579E-03 
       136  1.704848721E-03  1.784019172E-03  1.782133242E-03  1.704231979E-03 
       137  1.743106986E-03  1.773559721E-03  1.774727542E-03  1.742742310E-03 
       138  1.766258851E-03  1.762495725E-03  1.775305427E-03  1.776653791E-03 
       139  1.772985444E-03  1.750533003E-03  1.745803435E-03  1.787931124E-03 
       140  1.511367387E-03  1.633440959E-03  1.638747362E-03  1.507103921E-03 
       141  1.675718464E-03  1.668040524E-03  1.675496708E-03  1.670018958E-03 
       142  2.006441820E-03  1.564714592E-03  1.555178835E-03  2.026855781E-03 
       143  2.000211505E-03  1.587589271E-03  1.591250291E-03  2.008106913E-03 
       144  2.000367502E-03  1.615307177E-03  1.614549645E-03  1.995319904E-03 
       145  2.021119231E-03  1.641446026E-03  1.643250047E-03  2.019691707E-03 
       146  2.037675120E-03  1.663297066E-03  1.645020803E-03  2.057695175E-03 
       147  2.037422266E-03  1.683740644E-03  1.702017955E-03  2.057178114E-03 
       148  2.258658176E-03  1.607336453E-03  1.609359096E-03  2.254324380E-03 
       149  2.257087035E-03  1.584387734E-03  1.586458066E-03  2.233624623E-03 
       150  2.269337187E-03  1.560917706E-03  1.565142072E-03  2.287688711E-03 
       151  2.279845998E-03  1.543928403E-03  1.537186174E-03  2.246447085E-03 
       152  2.287930809E-03  1.525619882E-03  1.515653272E-03  2.271471998E-03 
       153  2.249288140E-03  1.422697911E-03  1.410583375E-03  2.251446172E-03 
       154  2.228955971E-03  1.815307769E-03  1.823114904E-03  2.238084112E-03 
       155  2.251523547E-03  1.817012788E-03  1.805605164E-03  2.233513882E-03 
       156  2.265992342E-03  1.811426948E-03  1.811524261E-03  2.267541019E-03 
       157  2.262582071E-03  1.360304654E-03  1.360744986E-03  2.262743285E-03 
       158  2.467115410E-03  1.366625773E-03  1.379946721E-03  2.471568347E-03 
       159  2.432866953E-03  1.369774109E-03  1.321172398E-03  2.466877916E-03 
       160  2.431247616E-03  1.370186219E-03  1.318675309E-03  2.416285840E-03 
       161  2.211264567E-03  1.949700876E-03  1.946676450E-03  2.214724454E-03 
       162  2.216046676E-03  1.979215769E-03  1.980171155E-03  2.200067059E-03 
       163  2.468209248E-03  9.965148056E-04  1.003605849E-03  2.467907693E-03 
       164  2.419755096E-03  9.919368895E-04  1.021481077E-03  2.411528416E-03 
       165  2.385791158E-03  9.577699238E-04  9.606268894E-04  2.387891978E-03 
       166  2.368044807E-03  9.247118142E-04  9.254726498E-04  2.355664339E-03 
       167  2.351988805E-03  8.946906310E-04  8.885825418E-04  2.360262536E-03 
       168  2.316894475E-03  8.674271521E-04  8.833630418E-04  2.316458271E-03 
       169  2.272685757E-03  8.594444371E-04  8.744391013E-04  2.272910402E-03 
       170  2.240843372E-03  8.480232791E-04  8.619268790E-04  2.218314168E-03 
       171  2.224406460E-03  8.246178040E-04  8.180843276E-04  2.234743549E-03 
       172  4.613678320E-04  1.975063933E-03  1.974844604E-03  4.631898431E-04 
       173  4.223283031E-04  1.940036193E-03  1.926672699E-03  4.543770204E-04 
       174  4.025753587E-04  1.907415339E-03  1.912972231E-03  3.935666735E-04 
       175  3.757160157E-04  1.860691118E-03  1.859741076E-03  3.878779436E-04 
       176  1.832475537E-04  1.834630966E-03  1.827176184E-03  1.726120209E-04 
       177  1.435863960E-04  1.855398878E-03  1.877753079E-03  1.572261929E-04 
       178  9.964279161E-05  1.876977389E-03  1.869255230E-03  1.027193741E-04 
       179  6.479019066E-05  1.890623011E-03  1.856895194E-03  3.873604122E-05 
       180  2.509208571E-05  1.905687270E-03  1.913217268E-03  2.418366512E-05 
       181 -4.964171239E-05  1.926283352E-03  1.901941876E-03 -5.184226983E-05 
       182 -9.326528379E-05  1.935408567E-03  1.967698909E-03 -6.296029824E-05 
       183 -1.504727115E-04  1.946610515E-03  1.961727822E-03 -1.543619787E-04 
       184 -2.522101277E-04  1.954895211E-03  1.952891398E-03 -2.536683967E-04 
       185 -3.570997505E-04  1.954378327E-03  1.944888835E-03 -3.576104262E-04 
       186 -4.617105296E-04  1.953239087E-03  1.937868019E-03 -4.625970964E-04 
       187 -5.660370225E-04  1.953133848E-03  1.933420872E-03 -5.677151537E-04 
       188 -6.697932258E-04  1.950486912E-03  1.931035804E-03 -6.720340127E-04 
       189 -7.737365086E-04  1.945780823E-03  1.929621388E-03 -7.762373276E-04 
       190 -8.780593053E-04  1.942696399E-03  1.929185365E-03 -8.805429480E-04 
       191 -9.828072507E-04  1.940576825E-03  1.931300447E-03 -9.845805923E-04 
       192 -1.088627498E-03  1.936731860E-03  1.936006340E-03 -1.087852054E-03 
       193 -1.195505611E-03  1.926503843E-03  1.943793790E-03 -1.188405186E-03 
       194 -1.275052316E-03  1.910804887E-03  1.951891793E-03 -1.285628838E-03 
       195 -1.325914636E-03  1.901122974E-03  1.852236959E-03 -1.322700402E-03 
       196 -1.393440529E-03  1.899081399E-03  1.874523444E-03 -1.398003815E-03 
       197 -1.477085752E-03  1.901043928E-03  1.874830866E-03 -1.474881274E-03 
       198 -1.534537179E-03  1.903964789E-03  1.850798777E-03 -1.553051966E-03 
       199 -1.583655830E-03  1.913255895E-03  1.951318214E-03 -1.572415930E-03 
