cellnumber     x-coordinate     y-coordinate     y-coordinate     x-coordinate 
         1 -4.197699949E-03  1.970956568E-03  1.931636683E-03 -4.211520295E-03 
         2 -4.131103400E-03  1.970956568E-03  1.933075753E-03 -4.109019672E-03 
         3 -3.183663357E-03  1.988816774E-03  1.943163964E-03 -3.201366508E-03 
         4 -3.098950488E-03  1.976949628E-03  1.941788315E-03 -3.105180951E-03 
         5 -3.003710881E-03  1.988132717E-03  1.939727861E-03 -3.005310109E-03 
         6 -2.642726060E-03  1.998174237E-03  1.932111083E-03 -2.699786421E-03 
         7  5.790266441E-04  9.122152846E-07  2.138182500E-05  6.018984717E-04 
         8  1.822883962E-03  2.263835486E-04  2.266481103E-04  1.821234054E-03 
         9  1.804536092E-03  2.519924892E-04  2.643540103E-04  1.814250299E-03 
        10  1.959775342E-03  7.813223056E-05  8.091219465E-05  1.957743481E-03 
        11  1.995551400E-03  6.228009443E-05  9.041714092E-05  2.019015436E-03 
        12  2.018077997E-03  2.839778244E-05  2.830262745E-05  2.024551158E-03 
        13  1.776195946E-03  5.010892055E-04  4.843803518E-04  1.767064534E-03 
        14  1.796890981E-03  5.023432896E-04  5.352986275E-04  1.787036873E-03 
        15  1.814504503E-03  5.144146271E-04  5.138274224E-04  1.819273723E-03 
        16  2.000862034E-03  6.213522865E-04  6.004832738E-04  2.019249871E-03 
        17  2.024580725E-03  6.374093937E-04  6.584544553E-04  2.003557641E-03 
        18  2.051682211E-03  6.672553718E-04  6.844872436E-04  2.036127740E-03 
        19 -1.007069950E-03  8.180996520E-05  6.636507486E-05 -1.005326591E-03 
        20 -9.019123972E-04  8.052316844E-05  6.680606303E-05 -9.013910211E-04 
        21 -7.968712598E-04  8.061356493E-05  6.575810028E-05 -7.972552363E-04 
        22 -6.921707536E-04  8.223586337E-05  6.355081433E-05 -6.935649223E-04 
        23 -5.873857881E-04  8.792923472E-05  6.038485763E-05 -5.907983585E-04 
        24 -4.921258078E-04  9.936113929E-05  5.539476994E-05 -4.882335345E-04 
        25 -4.381556355E-04  1.065811448E-04  1.637269837E-04 -4.703043525E-04 
        26 -3.769686446E-04  1.089063080E-04  1.461014197E-04 -3.694341506E-04 
        27 -2.769673592E-04  1.152223558E-04  1.281231806E-04 -2.752816664E-04 
        28 -1.919552597E-04  1.307862840E-04  1.108253011E-04 -1.840752402E-04 
        29 -1.421378838E-04  1.442676439E-04  1.824621522E-04 -1.631405136E-04 
        30 -9.034631512E-05  1.573644695E-04  1.562393313E-04 -8.961924719E-05 
        31 -4.974574040E-05  1.708037162E-04  1.429506679E-04 -2.640014050E-05 
        32 -1.816010263E-05  1.810208487E-04  1.926155920E-04 -1.566857720E-05 
        33  4.058199920E-05  1.971486781E-04  1.880186171E-04  3.887628747E-05 
        34  7.516323967E-05  2.066717279E-04  2.417783347E-04  4.495860527E-05 
        35  8.310112753E-05  2.085650631E-04  2.489255570E-04  9.405898740E-05 
        36  2.043416462E-04  2.258121094E-04  2.543585031E-04  2.013657630E-04 
        37  2.247329830E-04  2.175343398E-04  2.459371493E-04  2.552620506E-04 
        38  2.473157656E-04  1.904454548E-04  1.930118503E-04  2.622026838E-04 
        39  2.802673553E-04  1.420150511E-04  1.408289672E-04  2.717250439E-04 
        40  2.970042406E-04  1.123549882E-04  1.341849203E-04  3.194672796E-04 
        41  3.223960230E-04  8.047141455E-05  8.110587978E-05  3.211743461E-04 
        42  3.473528486E-04  5.050902473E-05  2.775908311E-05  3.200411847E-04 
        43  3.774873330E-04  3.189251584E-05  2.357188179E-05  3.768744278E-04 
        44  4.331518139E-04  8.653506484E-06  1.961275604E-05  4.300925550E-04 
        45  4.696217075E-04  1.352306754E-06  1.937761130E-05  4.826194126E-04 
        46  1.046292746E-04  2.846240932E-05  2.794200578E-05  1.007808420E-04 
        47  2.001267712E-04  2.821580529E-05  2.931386421E-05  2.067113238E-04 
        48  5.686007789E-04  9.122152846E-07  1.926840855E-05  5.412139952E-04 
        49 -2.412461443E-03  1.788757982E-05  7.332680564E-05 -2.420594786E-03 
        50 -2.313503996E-03  4.456350507E-05  7.311501499E-05 -2.316820890E-03 
        51 -2.212166321E-03  6.052467870E-05  7.043852328E-05 -2.213196658E-03 
        52 -2.110307338E-03  6.737792864E-05  6.674919455E-05 -2.110809722E-03 
        53 -2.008984564E-03  7.554380863E-05  6.249115734E-05 -2.009269490E-03 
        54 -1.910256105E-03  8.668151713E-05  5.855735120E-05 -1.909155614E-03 
        55 -1.812644070E-03  9.824447625E-05  5.673498202E-05 -1.809930395E-03 
        56 -1.713626087E-03  1.033461231E-04  5.515330775E-05 -1.709579807E-03 
        57 -1.613364439E-03  1.018686089E-04  5.457516422E-05 -1.609092055E-03 
        58 -1.514351228E-03  1.012674693E-04  5.383556151E-05 -1.509067679E-03 
        59 -1.417152234E-03  1.024779704E-04  5.490773208E-05 -1.410009075E-03 
        60 -1.317643095E-03  1.002390636E-04  5.715688499E-05 -1.310405891E-03 
        61 -1.215480617E-03  9.245421097E-05  6.005970237E-05 -1.209844188E-03 
        62 -1.111914869E-03  8.526840247E-05  6.361088174E-05 -1.108407631E-03 
        63 -2.591810888E-03  1.973944949E-03  1.933004749E-03 -2.597631251E-03 
        64 -2.493419917E-03  1.948083052E-03  1.934575948E-03 -2.495273050E-03 
        65 -2.392018680E-03  1.942940289E-03  1.936099255E-03 -2.392953671E-03 
        66 -2.289362485E-03  1.939951908E-03  1.936053435E-03 -2.289587949E-03 
        67 -2.185547724E-03  1.937832450E-03  1.934468811E-03 -2.185353151E-03 
        68 -2.081535291E-03  1.936270273E-03  1.932282097E-03 -2.081243068E-03 
        69 -1.977712614E-03  1.934866421E-03  1.931099759E-03 -1.977459928E-03 
        70 -1.874199603E-03  1.933316234E-03  1.931720263E-03 -1.874312453E-03 
        71 -1.770267612E-03  1.931230072E-03  1.935050064E-03 -1.771475459E-03 
        72 -1.667049946E-03  1.925231772E-03  1.942464568E-03 -1.670585838E-03 
        73  1.904424978E-03  8.815092151E-04  8.421551276E-04  1.924813670E-03 
        74  1.899366034E-03  8.821209194E-04  8.511538807E-04  1.868482330E-03 
        75  1.871480606E-03  9.011029615E-04  8.975857868E-04  1.857781324E-03 
        76  1.831969945E-03  9.374169749E-04  9.408219774E-04  1.838824946E-03 
        77  1.816079486E-03  9.605070227E-04  9.400340191E-04  1.803403101E-03 
        78  1.814328949E-03  9.699209477E-04  9.876068097E-04  1.793193515E-03 
        79  1.827914966E-03  9.877440752E-04  9.921250887E-04  1.827066055E-03 
        80  2.039724030E-03  8.367737173E-04  8.295904287E-04  2.023410648E-03 
        81  2.026292030E-03  8.669278468E-04  8.654230626E-04  2.025209337E-03 
        82  2.022077562E-03  9.114188724E-04  9.074255450E-04  2.032419717E-03 
        83  2.046171576E-03  9.325038409E-04  9.532104048E-04  2.051409553E-03 
        84  2.089100657E-03  9.302334511E-04  9.246226639E-04  2.092358951E-03 
        85  2.126188250E-03  9.381280979E-04  9.492860346E-04  2.116600518E-03 
        86  1.676050597E-03  1.323450822E-03  1.325694933E-03  1.692892936E-03 
        87  1.654229360E-03  1.331458334E-03  1.343450136E-03  1.648054619E-03 
        88  1.860186574E-03  1.569492975E-03  1.560884347E-03  1.827830160E-03 
        89  1.850036439E-03  1.604337827E-03  1.615014651E-03  1.856528149E-03 
        90  1.838609343E-03  1.654264517E-03  1.641236910E-03  1.805098654E-03 
        91  1.828604261E-03  1.694902196E-03  1.694727610E-03  1.821775591E-03 
        92  1.843575970E-03  8.319350854E-06  9.587620784E-06  1.856382647E-03 
        93  1.793924486E-03  1.892063483E-05  1.298239646E-05  1.800305695E-03 
        94  1.752230455E-03  1.737212006E-05  1.789888280E-05  1.752290621E-03 
        95  1.695546904E-03  3.333571294E-05  2.100762831E-05  1.693537571E-03 
        96  1.640402479E-03  2.386723463E-05  2.709459480E-05  1.626272040E-03 
        97  1.672426471E-03  3.656831395E-04  3.673699769E-04  1.686578676E-03 
        98  1.667124219E-03  4.014478764E-04  4.025631072E-04  1.678642407E-03 
        99  1.674158266E-03  4.369956150E-04  4.365416312E-04  1.672054282E-03 
       100 -2.483475488E-03  1.696673962E-06  7.110491468E-05 -2.524064784E-03 
       101 -2.657625591E-03  1.844814932E-07  6.600393607E-05 -2.626677037E-03 
       102 -2.714699367E-03  7.272884886E-06  5.825507198E-05 -2.727486420E-03 
       103 -2.818705048E-03  1.955420339E-05  4.912679422E-05 -2.825656849E-03 
       104 -2.918896265E-03  2.455525464E-05  4.152960011E-05 -2.921255581E-03 
       105 -3.016039962E-03  1.944679752E-05  4.077177812E-05 -3.017093035E-03 
       106 -3.114065621E-03  1.792534567E-05  4.724476742E-05 -3.112842704E-03 
       107 -3.213409102E-03  2.520487942E-05  5.527762229E-05 -3.210920916E-03 
       108 -3.307948122E-03  1.463687659E-05  6.199954715E-05 -3.311930414E-03 
       109 -4.544490948E-03  2.349296665E-05  5.596906824E-05 -4.526306414E-03 
       110 -4.599210341E-03  2.349296665E-05  5.666467444E-05 -4.629023667E-03 
       111  1.105830888E-03  1.508889371E-03  1.491339477E-03  1.106077008E-03 
       112  1.158732455E-03  1.507553388E-03  1.493791410E-03  1.161129173E-03 
       113  1.191603951E-03  1.519156620E-03  1.507255518E-03  1.219270325E-03 
       114  1.387425931E-03  1.636373694E-03  1.634375832E-03  1.387002411E-03 
       115  1.419883221E-03  1.637101173E-03  1.608469635E-03  1.426755265E-03 
       116  1.151772565E-03  1.745147048E-03  1.748211226E-03  1.154960487E-03 
       117  1.154569094E-03  1.793704927E-03  1.809861486E-03  1.115217514E-03 
       118  1.197432401E-03  1.815292751E-03  1.838381267E-03  1.193961290E-03 
       119  1.237218268E-03  1.815769123E-03  1.783827280E-03  1.217834789E-03 
       120  1.277797739E-03  1.813675626E-03  1.805745326E-03  1.280817148E-03 
       121  1.338338829E-03  1.810804242E-03  1.813306485E-03  1.337936873E-03 
       122  1.382577932E-03  1.804671134E-03  1.810099402E-03  1.382461143E-03 
       123  1.413316349E-03  1.807246590E-03  1.813666166E-03  1.410868630E-03 
       124  1.456297352E-03  1.655139844E-03  1.660659986E-03  1.451366918E-03 
       125  1.485075220E-03  1.668226090E-03  1.638747362E-03  1.507103921E-03 
       126  1.519113895E-03  1.672712388E-03  1.679332608E-03  1.519103754E-03 
       127  1.563977334E-03  1.670665690E-03  1.679761024E-03  1.569925101E-03 
       128  1.619550399E-03  1.722557470E-03  1.724050047E-03  1.617561812E-03 
       129  1.628875500E-03  1.685326337E-03  1.685627301E-03  1.617964135E-03 
       130  1.834558556E-03  1.736484934E-03  1.741734315E-03  1.824391549E-03 
       131  1.935125212E-03  1.817588462E-03  1.829832501E-03  1.902673536E-03 
       132  1.963398419E-03  1.826060819E-03  1.832375609E-03  1.960561342E-03 
       133  2.051370684E-03  1.998289255E-03  1.986188827E-03  2.025214329E-03 
       134  2.064818284E-03  1.992681995E-03  1.975137045E-03  2.052611461E-03 
       135  2.083324827E-03  1.984237926E-03  1.990182345E-03  2.097394330E-03 
       136  2.036187565E-03  1.488124253E-03  1.502289524E-03  2.036632457E-03 
       137  2.055042423E-03  1.477132435E-03  1.504105866E-03  2.066065880E-03 
       138  2.069892129E-03  1.454522135E-03  1.466422024E-03  2.080995507E-03 
       139  2.012770856E-03  1.813200535E-03  1.807313404E-03  2.006954733E-03 
       140  2.049646806E-03  1.765674446E-03  1.757814610E-03  2.043749175E-03 
       141  2.071047900E-03  1.729377895E-03  1.702017955E-03  2.057178114E-03 
       142  2.116224496E-03  1.716361963E-03  1.697432491E-03  2.119277579E-03 
       143  2.160334727E-03  1.719037420E-03  1.693538373E-03  2.179855741E-03 
       144  2.178302268E-03  1.747683506E-03  1.750290035E-03  2.171816233E-03 
       145  2.192161279E-03  1.777135301E-03  1.778636457E-03  2.178413830E-03 
       146  2.195961308E-03  1.788203721E-03  1.785777638E-03  2.211732807E-03 
       147  2.199687529E-03  1.793301781E-03  1.805605164E-03  2.233513882E-03 
       148  2.198604867E-03  1.795132877E-03  1.823114904E-03  2.238084112E-03 
       149  2.260319889E-03  1.317225862E-03  1.308258536E-03  2.260534084E-03 
       150  2.316323109E-03  1.300932374E-03  1.311649622E-03  2.315264781E-03 
       151  2.339643659E-03  1.277672243E-03  1.309046208E-03  2.366980009E-03 
       152  2.362576546E-03  1.245257212E-03  1.247261330E-03  2.368389516E-03 
       153  2.389528789E-03  1.199899358E-03  1.182605533E-03  2.369199583E-03 
       154  2.408522647E-03  1.162206405E-03  1.174323025E-03  2.420107199E-03 
       155  2.433917252E-03  1.121026347E-03  1.100568741E-03  2.417456800E-03 
       156  2.456783550E-03  1.076917630E-03  1.088416828E-03  2.472456147E-03 
       157  2.452493645E-03  1.005935366E-03  1.003605849E-03  2.467907693E-03 
       158  2.434333088E-03  9.605000960E-04  9.186405087E-04  2.467038520E-03 
       159  2.431144938E-03  9.595041629E-04  9.061622691E-04  2.410611837E-03 
       160  2.395590069E-03  9.638226475E-04  9.606268894E-04  2.387891978E-03 
       161  2.348678885E-03  9.809372714E-04  9.844346430E-04  2.350852199E-03 
       162  2.330125310E-03  1.006988110E-03  9.941431437E-04  2.322069513E-03 
       163  2.314399928E-03  1.028553932E-03  1.050554724E-03  2.320082296E-03 
       164  5.112424842E-04  1.996319741E-03  1.972141317E-03  5.472809736E-04 
       165  4.742419987E-04  1.972020138E-03  1.974844604E-03  4.631898431E-04 
       166  4.277833796E-04  1.938833389E-03  1.926672699E-03  4.543770204E-04 
       167  4.041529610E-04  1.905620913E-03  1.912972231E-03  3.935666735E-04 
       168  3.804473963E-04  1.860268880E-03  1.859741076E-03  3.878779436E-04 
       169  3.438782878E-04  1.818686491E-03  1.815530276E-03  3.660791114E-04 
       170  3.211816074E-04  1.800185069E-03  1.778576375E-03  3.562106028E-04 
       171  2.962974540E-04  1.797849312E-03  1.775497366E-03  2.941201200E-04 
       172  2.383322280E-04  1.806470915E-03  1.779225650E-03  2.401065689E-04 
       173  2.165152837E-04  1.813739887E-03  1.780499494E-03  1.843295540E-04 
       174  1.760844170E-04  1.827554312E-03  1.827176184E-03  1.726120209E-04 
       175  1.351988467E-04  1.841782243E-03  1.817677128E-03  1.132435071E-04 
       176  1.006978055E-04  1.859796583E-03  1.869255230E-03  1.027193741E-04 
       177  5.145316754E-05  1.881081145E-03  1.856895194E-03  3.873604122E-05 
       178  1.173855253E-05  1.894967747E-03  1.913217268E-03  2.418366512E-05 
       179 -5.378997957E-05  1.911992207E-03  1.901941876E-03 -5.184226983E-05 
       180 -1.186401714E-04  1.921816263E-03  1.883818147E-03 -1.349995385E-04 
       181 -1.685957541E-04  1.932879328E-03  1.961727822E-03 -1.543619787E-04 
       182 -2.505224256E-04  1.945011085E-03  1.952891398E-03 -2.536683967E-04 
       183 -3.565764346E-04  1.948139980E-03  1.944888835E-03 -3.576104262E-04 
       184 -4.617220548E-04  1.946993987E-03  1.937868019E-03 -4.625970964E-04 
       185 -5.666081561E-04  1.944403863E-03  1.933420872E-03 -5.677151537E-04 
       186 -6.707571447E-04  1.941279625E-03  1.931035804E-03 -6.720340127E-04 
       187 -7.746975753E-04  1.939062728E-03  1.929621388E-03 -7.762373276E-04 
       188 -8.789594867E-04  1.937962137E-03  1.929185365E-03 -8.805429480E-04 
       189 -9.837397374E-04  1.936728950E-03  1.931300447E-03 -9.845805923E-04 
       190 -1.089601777E-03  1.933471300E-03  1.936006340E-03 -1.087852054E-03 
       191 -1.196584431E-03  1.923296950E-03  1.943793790E-03 -1.188405186E-03 
       192 -1.272042166E-03  1.908587059E-03  1.951891793E-03 -1.285628838E-03 
       193 -1.322570257E-03  1.899984549E-03  1.852236959E-03 -1.322700402E-03 
       194 -1.393703395E-03  1.897943323E-03  1.874523444E-03 -1.398003815E-03 
       195 -1.476995065E-03  1.900082571E-03  1.874830866E-03 -1.474881274E-03 
       196 -1.536666765E-03  1.903129625E-03  1.850798777E-03 -1.553051966E-03 
       197 -1.585786464E-03  1.912020263E-03  1.951318214E-03 -1.572415930E-03 
