cellnumber     x-coordinate     y-coordinate     y-coordinate     x-coordinate 
         1 -4.719572142E-03  1.939074253E-03  1.945594745E-03 -4.718454719E-03 
         2 -4.619342741E-03  1.938360743E-03  1.941195501E-03 -4.618455788E-03 
         3 -4.518519156E-03  1.936480287E-03  1.936762355E-03 -4.517952941E-03 
         4 -4.416860640E-03  1.933362568E-03  1.933136697E-03 -4.416522146E-03 
         5 -4.314512014E-03  1.928873244E-03  1.931426409E-03 -4.314333929E-03 
         6 -4.211694468E-03  1.923748292E-03  1.931636683E-03 -4.211520295E-03 
         7 -4.109066911E-03  1.919075148E-03  1.933075753E-03 -4.109019672E-03 
         8 -4.006388597E-03  1.914779423E-03  1.934369578E-03 -4.006508197E-03 
         9 -3.904476995E-03  1.904314500E-03  1.936141286E-03 -3.904823046E-03 
        10 -3.835049458E-03  1.885697246E-03  1.938266303E-03 -3.804586373E-03 
        11 -3.785826033E-03  1.868289197E-03  1.812545300E-03 -3.804174341E-03 
        12 -3.709300421E-03  1.847683452E-03  1.819800249E-03 -3.709773381E-03 
        13 -3.628602019E-03  1.809148001E-03  1.829745585E-03 -3.621283022E-03 
        14 -3.585394006E-03  1.781372936E-03  1.725771232E-03 -3.598763175E-03 
        15 -3.534102812E-03  1.788883470E-03  1.813614371E-03 -3.530884481E-03 
        16 -3.418148495E-03  1.788238296E-03  1.792836158E-03 -3.420808489E-03 
        17 -3.311216598E-03  1.762873842E-03  1.809831896E-03 -3.294728159E-03 
        18 -3.240463557E-03  1.739048632E-03  1.670684137E-03 -3.245474741E-03 
        19 -3.164698370E-03  1.719870488E-03  1.745000869E-03 -3.159499416E-03 
        20 -3.069598461E-03  1.698928187E-03  1.694111787E-03 -3.068241942E-03 
        21 -2.957439749E-03  1.676098444E-03  1.669783041E-03 -2.958189324E-03 
        22 -2.846890595E-03  1.631041290E-03  1.661886550E-03 -2.845140649E-03 
        23 -2.790282015E-03  1.596475020E-03  1.664952175E-03 -2.730799394E-03 
        24 -2.728500869E-03  1.567395637E-03  1.532216941E-03 -2.730782084E-03 
        25 -2.499264665E-03  7.135092746E-04  6.794167411E-04 -2.474149831E-03 
        26 -2.421104582E-03  8.023359696E-04  8.467918417E-04 -2.481034431E-03 
        27 -2.359010279E-03  8.836411871E-04  8.405783047E-04 -2.302220303E-03 
        28 -2.312232042E-03  1.043864409E-03  1.041068466E-03 -2.285977911E-03 
        29 -2.317527076E-03  1.209879876E-03  1.233946115E-03 -2.227947210E-03 
        30 -2.401754726E-03  1.323899603E-03  1.341192381E-03 -2.375313755E-03 
        31 -2.487214981E-03  1.401172369E-03  1.469091138E-03 -2.461020321E-03 
        32 -2.551647602E-03  1.450229203E-03  1.414714937E-03 -2.584325842E-03 
        33 -2.632732736E-03  1.514718751E-03  1.553793688E-03 -2.608636345E-03 
        34 -2.616061596E-03  6.228185957E-04  6.654788344E-04 -2.623575541E-03 
        35 -2.705212682E-03  5.663767224E-04  6.374369532E-04 -2.768781384E-03 
        36 -2.768890699E-03  5.204056506E-04  4.782286162E-04 -2.733037280E-03 
        37 -2.891558455E-03  4.516580666E-04  4.277590856E-04 -2.880125428E-03 
        38 -3.002935555E-03  4.126907152E-04  3.451552469E-04 -2.994928149E-03 
        39 -3.120736219E-03  3.926649515E-04  4.111683702E-04 -3.119425997E-03 
        40 -3.226078581E-03  3.701362584E-04  4.330764328E-04 -3.263609028E-03 
        41 -3.291054396E-03  3.451571101E-04  3.063139266E-04 -3.281050739E-03 
        42 -3.402387723E-03  3.143777722E-04  3.112536742E-04 -3.402629953E-03 
        43 -3.526148619E-03  2.909271570E-04  3.052548116E-04 -3.526687042E-03 
        44 -3.648404730E-03  2.607448259E-04  2.876058839E-04 -3.654121120E-03 
        45 -3.758631414E-03  2.353158488E-04  2.515954518E-04 -3.762196423E-03 
        46 -3.827492939E-03  2.241006296E-04  2.146981444E-04 -3.825930448E-03 
        47 -3.878884949E-03  2.115560928E-04  2.486685537E-04 -3.888261565E-03 
        48 -3.932693508E-03  1.892354776E-04  1.532715145E-04 -3.914510709E-03 
        49 -4.010442644E-03  1.592281915E-04  1.710031183E-04 -4.010975930E-03 
        50 -4.106886219E-03  1.326353085E-04  1.828761303E-04 -4.114592750E-03 
        51 -4.159427714E-03  1.166184666E-04  6.073745610E-05 -4.121556536E-03 
        52 -4.222147167E-03  1.000228222E-04  6.198469455E-05 -4.222944128E-03 
        53 -4.324330483E-03  8.796274778E-05  6.007520483E-05 -4.324261684E-03 
        54 -4.424942192E-03  8.500372496E-05  5.780932662E-05 -4.424947168E-03 
        55 -4.526568111E-03  8.138978592E-05  5.596906824E-05 -4.526306414E-03 
        56 -4.628691357E-03  7.240780542E-05  5.666467444E-05 -4.629023667E-03 
        57 -4.730387125E-03  6.203103112E-05  6.050692886E-05 -4.730923795E-03 
        58 -4.832583480E-03  5.547437831E-05  6.405840120E-05 -4.833593435E-03 
        59 -4.933829885E-03  3.937954170E-05  6.643712700E-05 -4.937359311E-03 
        60 -5.014793482E-03  1.301547763E-05  6.693967668E-05 -5.041680553E-03 
        61 -5.277651828E-03  1.004530418E-06  5.901185833E-05 -5.247603241E-03 
        62 -5.105735268E-03  1.976397820E-03  1.938990709E-03 -5.118253907E-03 
        63 -5.017015617E-03  1.949423924E-03  1.944484711E-03 -5.017463170E-03 
        64 -4.918298218E-03  1.943752170E-03  1.948290908E-03 -4.918495029E-03 
        65 -4.819562193E-03  1.940313377E-03  1.948353827E-03 -4.818912674E-03 
        66 -5.892367568E-03  6.122088053E-06  6.868406450E-05 -5.938978828E-03 
        67 -5.835440941E-03  2.481217780E-05  6.710090730E-05 -5.834726738E-03 
        68 -5.739148241E-03  1.869009066E-05  6.005380669E-05 -5.732217633E-03 
        69 -5.304499064E-03  1.004530418E-06  5.082560188E-05 -5.345947182E-03 
