cellnumber     x-coordinate     y-coordinate     y-coordinate     x-coordinate 
         1 -7.140658330E-03  1.980755944E-03  1.943623210E-03 -7.139969121E-03 
         2 -7.038834970E-03  1.941809780E-03  1.945684832E-03 -7.039325207E-03 
         3 -6.970564369E-03  1.909044688E-03  1.949177057E-03 -6.940937222E-03 
         4 -6.918331143E-03  1.866042963E-03  1.836387390E-03 -6.931535143E-03 
         5 -6.867836695E-03  1.817913260E-03  1.854019606E-03 -6.847794170E-03 
         6 -6.811701227E-03  1.764941961E-03  1.759265787E-03 -6.808114308E-03 
         7 -6.723285187E-03  1.689955010E-03  1.708223331E-03 -6.685580249E-03 
         8 -6.648981944E-03  1.561813988E-03  1.566028909E-03 -6.707789498E-03 
         9 -6.615465041E-03  1.457204577E-03  1.511120825E-03 -6.538443617E-03 
        10 -6.584322546E-03  1.356463763E-03  1.348045982E-03 -6.563514115E-03 
        11 -7.312721573E-03  1.417010299E-05  5.737685240E-05 -7.354071086E-03 
        12 -7.255811710E-03  6.568504614E-05  6.336323276E-05 -7.254607759E-03 
        13 -7.198343985E-03  1.177551603E-04  6.824591689E-05 -7.153025150E-03 
        14 -7.148218807E-03  1.806672517E-04  2.095751859E-04 -7.169491487E-03 
        15 -7.092531770E-03  2.552156220E-04  2.122296851E-04 -7.052837502E-03 
        16 -7.031220011E-03  3.515306162E-04  3.540082448E-04 -7.051898729E-03 
        17 -6.986645516E-03  4.227816244E-04  4.866995511E-04 -7.049256982E-03 
        18 -6.922840606E-03  4.847440869E-04  4.825752438E-04 -6.917578523E-03 
        19 -6.851071957E-03  5.539220292E-04  6.095685437E-04 -6.912598257E-03 
        20 -6.770583801E-03  6.237291964E-04  6.116238151E-04 -6.770637481E-03 
        21 -6.698929239E-03  6.854174426E-04  7.752089053E-04 -6.778336143E-03 
        22 -6.624975707E-03  7.870143745E-04  7.938154363E-04 -6.616283816E-03 
        23 -6.542222574E-03  9.877630509E-04  9.954662355E-04 -6.607598559E-03 
        24 -6.546361372E-03  1.179853338E-03  1.185504180E-03 -6.581615781E-03 
