cellnumber     x-coordinate     y-coordinate     y-coordinate     x-coordinate 
         1 -4.729843233E-03  1.839691540E-03  1.837029221E-03 -4.729127308E-03 
         2 -4.633001052E-03  1.821885933E-03  1.821740042E-03 -4.632239029E-03 
         3 -4.532922991E-03  1.804806525E-03  1.807912195E-03 -4.531995633E-03 
         4 -4.430778790E-03  1.781380852E-03  1.797647946E-03 -4.429016043E-03 
         5 -4.351970740E-03  1.744839246E-03  1.792723670E-03 -4.323207242E-03 
         6 -4.298513755E-03  1.711603836E-03  1.654899741E-03 -4.330955500E-03 
         7 -4.216695204E-03  1.669503748E-03  1.658292612E-03 -4.217215576E-03 
         8 -4.137989599E-03  1.617693459E-03  1.663210260E-03 -4.107288071E-03 
         9 -4.080544692E-03  1.570484950E-03  1.531230317E-03 -4.100202978E-03 
        10 -4.010180943E-03  1.507560490E-03  1.535565147E-03 -3.990488873E-03 
        11 -3.952398431E-03  1.449780539E-03  1.411666701E-03 -3.982208182E-03 
        12 -3.889440093E-03  1.381924027E-03  1.403465985E-03 -3.872165434E-03 
        13 -3.833819646E-03  1.308639068E-03  1.279133794E-03 -3.873912436E-03 
        14 -3.791446332E-03  1.232088078E-03  1.250880105E-03 -3.756024730E-03 
        15 -3.764957190E-03  1.114063780E-03  1.126649127E-03 -3.782757641E-03 
        16 -3.766713664E-03  1.042398624E-03  1.039968755E-03 -3.826800017E-03 
        17 -3.774366109E-03  9.518250590E-04  9.416166912E-04 -3.773247365E-03 
        18 -3.807834815E-03  8.213350666E-04  7.721813382E-04 -3.729120565E-03 
        19 -3.888633102E-03  7.196154911E-04  7.473452839E-04 -3.918867149E-03 
        20 -3.975924570E-03  6.383389700E-04  5.633034030E-04 -3.909132129E-03 
        21 -4.084402230E-03  5.688946694E-04  5.845505361E-04 -4.086081012E-03 
        22 -4.173379857E-03  5.127904587E-04  5.792004416E-04 -4.226489920E-03 
        23 -4.234807100E-03  4.641405540E-04  4.376522754E-04 -4.221860375E-03 
        24 -4.338412080E-03  4.019477637E-04  4.257619191E-04 -4.341999628E-03 
        25 -4.452754743E-03  3.607339750E-04  4.007218101E-04 -4.470482238E-03 
        26 -4.569762386E-03  3.261246311E-04  3.463146793E-04 -4.574368077E-03 
        27 -4.644544329E-03  2.985786705E-04  2.551208485E-04 -4.622732314E-03 
        28 -4.711681977E-03  2.638782025E-04  2.909377611E-04 -4.723329979E-03 
        29 -4.773211665E-03  2.321775100E-04  1.772254117E-04 -4.732403490E-03 
        30 -4.838376772E-03  2.035572106E-04  1.899614240E-04 -4.839295510E-03 
        31 -4.946455825E-03  1.681684953E-04  1.975887156E-04 -4.949121145E-03 
        32 -5.034993868E-03  1.430342090E-04  1.990133198E-04 -5.060702592E-03 
        33 -5.085974466E-03  1.206309389E-04  6.693967668E-05 -5.041680553E-03 
        34 -5.152810831E-03  9.662005323E-05  6.473279037E-05 -5.145436630E-03 
        35 -5.255254451E-03  8.257023728E-05  5.901185833E-05 -5.247603241E-03 
        36 -6.187003572E-03  1.996584004E-03  1.942084476E-03 -6.241432963E-03 
        37 -6.134061608E-03  1.985528739E-03  1.944167968E-03 -6.138718099E-03 
        38 -6.033651065E-03  1.972608035E-03  1.948080179E-03 -6.036384771E-03 
        39 -5.936075468E-03  1.963051967E-03  1.952643376E-03 -5.937578608E-03 
        40 -5.839523394E-03  1.957426313E-03  1.950483939E-03 -5.840505752E-03 
        41 -5.740526132E-03  1.953264233E-03  1.944291145E-03 -5.741907226E-03 
        42 -5.638712086E-03  1.949163969E-03  1.936661234E-03 -5.640823781E-03 
        43 -5.534546450E-03  1.946507953E-03  1.932288155E-03 -5.536746068E-03 
        44 -5.430155434E-03  1.943645650E-03  1.930799866E-03 -5.431590773E-03 
        45 -5.325343460E-03  1.940893941E-03  1.931409215E-03 -5.326042501E-03 
        46 -5.220798776E-03  1.937755616E-03  1.934327000E-03 -5.221331158E-03 
        47 -5.117102526E-03  1.930276048E-03  1.938990709E-03 -5.118253907E-03 
        48 -5.027151667E-03  1.907790545E-03  1.944484711E-03 -5.017463170E-03 
        49 -4.977017641E-03  1.888700062E-03  1.838856195E-03 -5.007557313E-03 
        50 -4.918804392E-03  1.876229304E-03  1.850246914E-03 -4.917136210E-03 
        51 -4.824924748E-03  1.857435796E-03  1.848904220E-03 -4.824341183E-03 
        52 -6.402887870E-03  5.982855328E-06  4.874166777E-05 -6.448031453E-03 
        53 -6.342056207E-03  6.881285572E-06  5.285901885E-05 -6.349655635E-03 
        54 -6.287300028E-03  8.984302440E-07  5.797063282E-05 -6.249329998E-03 
        55 -5.802546628E-03  9.584539839E-06  6.710090730E-05 -5.834726738E-03 
        56 -5.732842721E-03  3.736835788E-05  6.005380669E-05 -5.732217633E-03 
        57 -5.631649867E-03  6.244061660E-05  5.134376603E-05 -5.633311034E-03 
        58 -5.546614528E-03  7.918848860E-05  4.459777306E-05 -5.537449764E-03 
        59 -5.503437016E-03  8.971777424E-05  1.324680752E-04 -5.537501702E-03 
        60 -5.456106737E-03  9.238311031E-05  1.328127564E-04 -5.458590871E-03 
        61 -5.411401391E-03  9.436271648E-05  4.492314267E-05 -5.441885650E-03 
        62 -5.357052200E-03  8.769368287E-05  5.082560188E-05 -5.345947182E-03 
