cellnumber     x-coordinate     y-coordinate     y-coordinate     x-coordinate 
         1 -4.177291412E-03  1.975666964E-03  1.931636683E-03 -4.211520295E-03 
         2 -4.108251072E-03  1.964678289E-03  1.933075753E-03 -4.109019672E-03 
         3 -4.051593598E-03  1.989011187E-03  1.934369578E-03 -4.006508197E-03 
         4 -3.148728749E-03  1.997282729E-03  1.943163964E-03 -3.201366508E-03 
         5 -3.097694600E-03  1.984621631E-03  1.941788315E-03 -3.105180951E-03 
         6 -2.997664502E-03  1.979425550E-03  1.939727861E-03 -3.005310109E-03 
         7 -2.921294421E-03  1.992086880E-03  1.935561470E-03 -2.904892689E-03 
         8  1.067796606E-03  1.233560215E-05  3.561057739E-05  1.060296711E-03 
         9  1.028156024E-03  3.222296300E-06  3.973284875E-05  9.851097223E-04 
        10  7.132691680E-04  3.103781182E-06  2.376551705E-05  7.244123886E-04 
        11  6.669656141E-04  1.142775727E-05  2.274665324E-05  6.657491188E-04 
        12  6.035632687E-04  1.380508456E-05  2.138182500E-05  6.018984717E-04 
        13  1.850797213E-03  2.177416609E-04  2.249752392E-04  1.868745874E-03 
        14  1.838483033E-03  2.336317702E-04  2.266481103E-04  1.821234054E-03 
        15  1.810410642E-03  2.553026716E-04  2.643540103E-04  1.814250299E-03 
        16  1.734553603E-03  4.138206132E-04  4.118375167E-04  1.737779301E-03 
        17  1.791837392E-03  4.184452700E-04  4.138385057E-04  1.791122403E-03 
        18  1.826547785E-03  4.277834087E-04  4.077900278E-04  1.844233139E-03 
        19  1.854518428E-03  4.475054739E-04  4.511102458E-04  1.849586075E-03 
        20  1.879546558E-03  4.682260624E-04  4.878464729E-04  1.860332154E-03 
        21  1.895740512E-03  4.838474561E-04  4.751523556E-04  1.912171206E-03 
        22  1.928444020E-03  5.261420665E-05  2.936931078E-05  1.958600325E-03 
        23  1.962594455E-03  6.569720426E-05  8.091219465E-05  1.957743481E-03 
        24  2.018388128E-03  8.565992175E-05  9.041714092E-05  2.019015436E-03 
        25  2.088792156E-03  8.283190255E-05  9.321694742E-05  2.087244387E-03 
        26  2.134028357E-03  6.397828110E-05  8.927237462E-05  2.158173226E-03 
        27  2.156319562E-03  2.932965617E-05  2.897047908E-05  2.166466837E-03 
        28  1.963369548E-03  4.800870374E-04  4.823417090E-04  1.960243117E-03 
        29  1.990483375E-03  4.554559710E-04  4.871746654E-04  2.003087250E-03 
        30  2.013876569E-03  4.499401257E-04  4.315956231E-04  2.004274617E-03 
        31  2.041327534E-03  4.498092458E-04  4.363398736E-04  2.053019977E-03 
        32  2.068476751E-03  4.544522380E-04  4.757994699E-04  2.056123709E-03 
        33  2.103259321E-03  4.625675792E-04  4.581083354E-04  2.106227612E-03 
        34  2.127583139E-03  4.705773317E-04  5.117122199E-04  2.116709311E-03 
        35  2.150385175E-03  4.936472978E-04  4.923889213E-04  2.151452060E-03 
        36  2.177901100E-03  5.217021098E-04  5.355678912E-04  2.172670035E-03 
        37  2.199871233E-03  5.344304373E-04  5.211355136E-04  2.206125792E-03 
        38  2.228698926E-03  5.686683580E-04  5.666132943E-04  2.227791747E-03 
        39  2.235368360E-03  6.200748612E-04  6.176894388E-04  2.226688509E-03 
        40  2.225518692E-03  6.679617218E-04  6.667615617E-04  2.222508414E-03 
        41  2.223029733E-03  7.038358599E-04  7.151286315E-04  2.239451992E-03 
        42 -1.006858773E-03  7.959513459E-05  6.636507486E-05 -1.005326591E-03 
        43 -9.018070414E-04  7.789911615E-05  6.680606303E-05 -9.013910211E-04 
        44 -7.969448343E-04  7.638998795E-05  6.575810028E-05 -7.972552363E-04 
        45 -6.926550996E-04  7.443302457E-05  6.355081433E-05 -6.935649223E-04 
        46 -5.888350424E-04  7.391892723E-05  6.038485763E-05 -5.907983585E-04 
        47 -4.840391048E-04  7.734728570E-05  5.539476994E-05 -4.882335345E-04 
        48 -3.997120657E-04  8.785272075E-05  4.835427240E-05 -3.882786737E-04 
        49 -3.493009717E-04  9.616646275E-05  1.461014197E-04 -3.694341506E-04 
        50 -2.798844071E-04  1.024073354E-04  1.281231806E-04 -2.752816664E-04 
        51 -1.857821917E-04  1.229933550E-04  1.108253011E-04 -1.840752402E-04 
        52 -1.359542512E-04  1.391496917E-04  1.824621522E-04 -1.631405136E-04 
        53 -9.238995699E-05  1.503455569E-04  1.562393313E-04 -8.961924719E-05 
        54 -4.582109614E-05  1.663106377E-04  1.429506679E-04 -2.640014050E-05 
        55 -1.359108319E-05  1.797320583E-04  1.926155920E-04 -1.566857720E-05 
        56  4.002089190E-05  1.964808471E-04  1.880186171E-04  3.887628747E-05 
        57  7.465483213E-05  2.071360650E-04  2.417783347E-04  4.495860527E-05 
        58  8.360513311E-05  2.093127841E-04  2.489255570E-04  9.405898740E-05 
        59  1.033308581E-04  2.859818596E-05  2.794200578E-05  1.007808420E-04 
        60  2.403204853E-04  1.808953821E-04  1.930118503E-04  2.622026838E-04 
        61  2.632578835E-04  1.405060757E-04  1.408289672E-04  2.717250439E-04 
        62  2.853967017E-04  9.666522965E-05  8.822211316E-05  2.654353734E-04 
        63  3.053381806E-04  6.868984201E-05  8.110587978E-05  3.211743461E-04 
        64  3.328122257E-04  4.269592682E-05  2.775908311E-05  3.200411847E-04 
        65  3.778157115E-04  1.860194607E-05  2.357188179E-05  3.768744278E-04 
        66  4.270703066E-04  4.243455351E-06  1.961275604E-05  4.300925550E-04 
        67  2.020886895E-04  2.876548388E-05  2.931386421E-05  2.067113238E-04 
        68  5.464956630E-04  5.481107110E-06  1.926840855E-05  5.412139952E-04 
        69 -2.304553054E-03  1.968162178E-05  7.311501499E-05 -2.316820890E-03 
        70 -2.211427549E-03  4.974803596E-05  7.043852328E-05 -2.213196658E-03 
        71 -2.110132016E-03  6.248394493E-05  6.674919455E-05 -2.110809722E-03 
        72 -2.008823678E-03  6.919577572E-05  6.249115734E-05 -2.009269490E-03 
        73 -1.909939339E-03  7.956961781E-05  5.855735120E-05 -1.909155614E-03 
        74 -1.812276780E-03  9.302829858E-05  5.673498202E-05 -1.809930395E-03 
        75 -1.713593141E-03  1.027178150E-04  5.515330775E-05 -1.709579807E-03 
        76 -1.613675384E-03  1.052440057E-04  5.457516422E-05 -1.609092055E-03 
        77 -1.514912467E-03  1.062800948E-04  5.383556151E-05 -1.509067679E-03 
        78 -1.417809050E-03  1.070910657E-04  5.490773208E-05 -1.410009075E-03 
        79 -1.317999326E-03  1.024795638E-04  5.715688499E-05 -1.310405891E-03 
        80 -1.215406810E-03  9.196488099E-05  6.005970237E-05 -1.209844188E-03 
        81 -1.111661200E-03  8.341598732E-05  6.361088174E-05 -1.108407631E-03 
        82 -2.551167039E-03  1.991407247E-03  1.933004749E-03 -2.597631251E-03 
        83 -2.491271589E-03  1.965147909E-03  1.934575948E-03 -2.495273050E-03 
        84 -2.391683869E-03  1.946099452E-03  1.936099255E-03 -2.392953671E-03 
        85 -2.289072843E-03  1.943734707E-03  1.936053435E-03 -2.289587949E-03 
        86 -2.185405698E-03  1.941943890E-03  1.934468811E-03 -2.185353151E-03 
        87 -2.081565326E-03  1.940116286E-03  1.932282097E-03 -2.081243068E-03 
        88 -1.977860695E-03  1.938053872E-03  1.931099759E-03 -1.977459928E-03 
        89 -1.874391804E-03  1.935754670E-03  1.931720263E-03 -1.874312453E-03 
        90 -1.770479837E-03  1.933080493E-03  1.935050064E-03 -1.771475459E-03 
        91 -1.667283708E-03  1.926972414E-03  1.942464568E-03 -1.670585838E-03 
        92  1.830395544E-03  1.445439178E-03  1.458946259E-03  1.808596001E-03 
        93  1.832328271E-03  1.432236284E-03  1.408633721E-03  1.805100119E-03 
        94  1.854630420E-03  1.412759535E-03  1.393045398E-03  1.847366747E-03 
        95  1.875988906E-03  1.398336259E-03  1.377934128E-03  1.894362010E-03 
        96  1.873447211E-03  1.607396989E-03  1.615014651E-03  1.856528149E-03 
        97  1.701631001E-03  1.668174285E-03  1.639663550E-03  1.715254091E-03 
        98  1.740134787E-03  1.688607852E-03  1.674905581E-03  1.747979358E-03 
        99  1.770992880E-03  1.722010435E-03  1.719651303E-03  1.773429624E-03 
       100  1.916402252E-03  5.105006858E-05  2.101065743E-05  1.906211827E-03 
       101  1.115861232E-03  9.113306078E-06  3.101034304E-05  1.138412517E-03 
       102  1.707008458E-03  3.684806288E-04  3.673699769E-04  1.686578676E-03 
       103  1.704319031E-03  3.994962026E-04  4.025631072E-04  1.678642407E-03 
       104 -2.759933937E-03  6.902183145E-07  5.825507198E-05 -2.727486420E-03 
       105 -2.816243563E-03  1.096496999E-05  4.912679422E-05 -2.825656849E-03 
       106 -2.918603132E-03  2.463596320E-05  4.152960011E-05 -2.921255581E-03 
       107 -3.015843686E-03  3.107175144E-05  4.077177812E-05 -3.017093035E-03 
       108 -3.112455364E-03  3.674302934E-05  4.724476742E-05 -3.112842704E-03 
       109 -3.212476615E-03  3.305516293E-05  5.527762229E-05 -3.210920916E-03 
       110 -3.277223790E-03  1.302267265E-05  6.199954715E-05 -3.311930414E-03 
       111 -4.466342274E-03  1.490301838E-05  5.780932662E-05 -4.424947168E-03 
       112 -4.526569042E-03  1.986085044E-05  5.596906824E-05 -4.526306414E-03 
       113 -4.581045825E-03  4.957832061E-06  5.666467444E-05 -4.629023667E-03 
       114  1.379163703E-03  1.622104552E-03  1.634375832E-03  1.387002411E-03 
       115  1.402876107E-03  1.594291767E-03  1.608469635E-03  1.426755265E-03 
       116  1.416705316E-03  1.571784611E-03  1.561072749E-03  1.396691022E-03 
       117  1.437220024E-03  1.551733701E-03  1.539287077E-03  1.429685494E-03 
       118  1.460061525E-03  1.575395348E-03  1.571148631E-03  1.458417888E-03 
       119  1.469903626E-03  1.613128697E-03  1.589262523E-03  1.498076881E-03 
       120  1.229102723E-03  1.788220834E-03  1.783827280E-03  1.217834789E-03 
       121  1.236214302E-03  1.821018523E-03  1.838381267E-03  1.193961290E-03 
       122  1.273571397E-03  1.831897651E-03  1.856961563E-03  1.267478446E-03 
       123  1.315216417E-03  1.836648560E-03  1.867500230E-03  1.331326106E-03 
       124  1.342020696E-03  1.829646179E-03  1.813306485E-03  1.337936873E-03 
       125  1.378959976E-03  1.819567522E-03  1.810099402E-03  1.382461143E-03 
       126  1.408045180E-03  1.829929650E-03  1.813666166E-03  1.410868630E-03 
       127  1.587192179E-03  1.722624758E-03  1.712561603E-03  1.569663486E-03 
       128  1.616424997E-03  1.716615632E-03  1.724050047E-03  1.617561812E-03 
       129  1.643157098E-03  1.739353291E-03  1.727118653E-03  1.667279858E-03 
       130  1.665178221E-03  1.774058561E-03  1.782199968E-03  1.660432579E-03 
       131  1.705022878E-03  1.783147105E-03  1.782133242E-03  1.704231979E-03 
       132  1.743132132E-03  1.773951924E-03  1.774727542E-03  1.742742310E-03 
       133  1.766675152E-03  1.762564410E-03  1.775305427E-03  1.776653791E-03 
       134  1.774031320E-03  1.750092255E-03  1.745803435E-03  1.787931124E-03 
       135  1.512003713E-03  1.633765642E-03  1.638747362E-03  1.507103921E-03 
       136  1.554179122E-03  1.651852508E-03  1.679332608E-03  1.519103754E-03 
       137  1.554609858E-03  1.651824685E-03  1.679761024E-03  1.569925101E-03 
       138  1.682844479E-03  1.653377782E-03  1.675496708E-03  1.670018958E-03 
       139  1.864728285E-03  1.572322915E-03  1.604245507E-03  1.900694087E-03 
       140  2.025930444E-03  1.564379199E-03  1.555178835E-03  2.026855781E-03 
       141  2.045683097E-03  1.580791315E-03  1.551537216E-03  2.070480344E-03 
       142  2.042789944E-03  1.599588199E-03  1.599528329E-03  2.063402677E-03 
       143  2.043644199E-03  1.645017648E-03  1.645020803E-03  2.057695175E-03 
       144  2.039612038E-03  1.682998962E-03  1.702017955E-03  2.057178114E-03 
       145  2.276777523E-03  1.605217112E-03  1.609359096E-03  2.254324380E-03 
       146  2.291471465E-03  1.586532337E-03  1.588118705E-03  2.308142209E-03 
       147  2.307582414E-03  1.566244639E-03  1.565142072E-03  2.287688711E-03 
       148  2.310024574E-03  1.540577039E-03  1.544804640E-03  2.321760813E-03 
       149  2.308832249E-03  1.524517662E-03  1.515653272E-03  2.271471998E-03 
       150  2.250554506E-03  1.416027546E-03  1.410583375E-03  2.251446172E-03 
       151  2.230517799E-03  1.816354576E-03  1.823114904E-03  2.238084112E-03 
       152  2.252870472E-03  1.817829674E-03  1.805605164E-03  2.233513882E-03 
       153  2.266246360E-03  1.811714959E-03  1.811524261E-03  2.267541019E-03 
       154  2.263754373E-03  1.358728972E-03  1.360744986E-03  2.262743285E-03 
       155  2.469422296E-03  1.365507022E-03  1.379946721E-03  2.471568347E-03 
       156  2.211890183E-03  1.949387952E-03  1.946676450E-03  2.214724454E-03 
       157  2.217022702E-03  1.979152672E-03  1.980171155E-03  2.200067059E-03 
       158  2.468043240E-03  1.002754783E-03  1.003605849E-03  2.467907693E-03 
       159  2.421910642E-03  9.887096239E-04  1.021481077E-03  2.411528416E-03 
       160  2.389775589E-03  9.540912579E-04  9.606268894E-04  2.387891978E-03 
       161  2.371239010E-03  9.232752491E-04  9.254726498E-04  2.355664339E-03 
       162  2.353517106E-03  8.955467492E-04  8.885825418E-04  2.360262536E-03 
       163  2.316929167E-03  8.683553315E-04  8.833630418E-04  2.316458271E-03 
       164  2.273147926E-03  8.584727766E-04  8.744391013E-04  2.272910402E-03 
       165  2.243502298E-03  8.468339220E-04  8.619268790E-04  2.218314168E-03 
       166  2.227033256E-03  8.244640194E-04  8.180843276E-04  2.234743549E-03 
       167  5.054020439E-04  1.999994507E-03  1.972141317E-03  5.472809736E-04 
       168  4.710263165E-04  1.975259045E-03  1.974844604E-03  4.631898431E-04 
       169  4.239340778E-04  1.940336777E-03  1.926672699E-03  4.543770204E-04 
       170  4.022092908E-04  1.907503000E-03  1.912972231E-03  3.935666735E-04 
       171  3.759531828E-04  1.862233039E-03  1.859741076E-03  3.878779436E-04 
       172  1.830939145E-04  1.835172181E-03  1.827176184E-03  1.726120209E-04 
       173  1.437857718E-04  1.855771639E-03  1.877753079E-03  1.572261929E-04 
       174  9.969354142E-05  1.877464470E-03  1.869255230E-03  1.027193741E-04 
       175  6.518212467E-05  1.890953514E-03  1.922587147E-03  9.292035272E-05 
       176  2.534977284E-05  1.905997749E-03  1.913217268E-03  2.418366512E-05 
       177 -4.918850391E-05  1.926483819E-03  1.901941876E-03 -5.184226983E-05 
       178 -9.281339590E-05  1.935698325E-03  1.967698909E-03 -6.296029824E-05 
       179 -1.505156106E-04  1.946888748E-03  1.961727822E-03 -1.543619787E-04 
       180 -2.522156865E-04  1.954915933E-03  1.952891398E-03 -2.536683967E-04 
       181 -3.570969566E-04  1.954337815E-03  1.944888835E-03 -3.576104262E-04 
       182 -4.617038649E-04  1.953369472E-03  1.937868019E-03 -4.625970964E-04 
       183 -5.659978488E-04  1.953679137E-03  1.933420872E-03 -5.677151537E-04 
       184 -6.697080098E-04  1.951280399E-03  1.931035804E-03 -6.720340127E-04 
       185 -7.736417465E-04  1.946443692E-03  1.929621388E-03 -7.762373276E-04 
       186 -8.779849159E-04  1.943097333E-03  1.929185365E-03 -8.805429480E-04 
       187 -9.827362373E-04  1.940866583E-03  1.931300447E-03 -9.845805923E-04 
       188 -1.088530757E-03  1.937050838E-03  1.936006340E-03 -1.087852054E-03 
       189 -1.195361954E-03  1.926930156E-03  1.943793790E-03 -1.188405186E-03 
       190 -1.275548129E-03  1.911144587E-03  1.951891793E-03 -1.285628838E-03 
       191 -1.326453406E-03  1.901319018E-03  1.852236959E-03 -1.322700402E-03 
       192 -1.393392798E-03  1.899291994E-03  1.874523444E-03 -1.398003815E-03 
       193 -1.477100770E-03  1.901217620E-03  1.874830866E-03 -1.474881274E-03 
       194 -1.534227165E-03  1.904097036E-03  1.850798777E-03 -1.553051966E-03 
       195 -1.583338832E-03  1.913403743E-03  1.951318214E-03 -1.572415930E-03 
