cellnumber     x-coordinate     y-coordinate     y-coordinate     x-coordinate 
         1 -7.243522443E-03  1.966424519E-03  1.944399857E-03 -7.242192487E-03 
         2 -7.165179122E-03  1.910331426E-03  1.943623210E-03 -7.139969121E-03 
         3 -7.107267156E-03  1.846437925E-03  1.828359745E-03 -7.129127131E-03 
         4 -7.060163654E-03  1.785391709E-03  1.827635481E-03 -7.026390875E-03 
         5 -7.017229218E-03  1.710328041E-03  1.709312179E-03 -7.012984232E-03 
         6 -6.969005801E-03  1.593504800E-03  1.594852557E-03 -7.000769026E-03 
         7 -6.947114598E-03  1.515291980E-03  1.487569361E-03 -7.004028477E-03 
         8 -6.925590802E-03  1.437267987E-03  1.460859758E-03 -6.899216063E-03 
         9 -6.903642789E-03  1.369292266E-03  1.386300693E-03 -6.985053319E-03 
        10 -7.370837964E-03  5.786743714E-05  5.737685240E-05 -7.354071086E-03 
        11 -7.351291366E-03  1.455772726E-04  1.422668811E-04 -7.375525363E-03 
        12 -7.345126942E-03  1.871977001E-04  1.754857472E-04 -7.327959652E-03 
        13 -7.329782471E-03  2.115595125E-04  2.156540311E-04 -7.377944431E-03 
        14 -7.295116782E-03  2.584774047E-04  2.842567539E-04 -7.338325205E-03 
        15 -7.255191449E-03  3.665408585E-04  3.808550211E-04 -7.305472918E-03 
        16 -7.239250001E-03  4.443117068E-04  5.089353501E-04 -7.301523580E-03 
        17 -7.200392429E-03  5.015415372E-04  4.950436487E-04 -7.175818792E-03 
        18 -7.140242495E-03  5.822046660E-04  6.138218005E-04 -7.179126471E-03 
        19 -7.085897028E-03  6.389424670E-04  6.082044584E-04 -7.052081034E-03 
        20 -7.027597167E-03  7.044584490E-04  7.288250236E-04 -7.061572019E-03 
        21 -6.977945101E-03  7.721104776E-04  7.390635380E-04 -6.921463901E-03 
        22 -6.949733943E-03  8.578763227E-04  8.560460506E-04 -6.953651365E-03 
        23 -6.922769826E-03  9.600531193E-04  9.710164655E-04 -6.961646307E-03 
        24 -6.892621983E-03  1.077435678E-03  1.088503777E-03 -6.941695226E-03 
        25 -6.892272737E-03  1.254782663E-03  1.250366619E-03 -6.948603306E-03 
