cellnumber     x-coordinate     y-coordinate     y-coordinate     x-coordinate 
         1 -4.305279814E-03  1.970436424E-03  1.931426409E-03 -4.314333929E-03 
         2 -4.230329301E-03  1.970436424E-03  1.931636683E-03 -4.211520295E-03 
         3 -3.349312814E-03  1.998910215E-03  1.932905906E-03 -3.406640362E-03 
         4 -3.297478426E-03  1.993216109E-03  1.937228295E-03 -3.300266113E-03 
         5 -3.196196863E-03  1.994092483E-03  1.943163964E-03 -3.201366508E-03 
         6 -3.138723318E-03  1.999786356E-03  1.941788315E-03 -3.105180951E-03 
         7 -2.970347414E-03  1.998142339E-03  1.939727861E-03 -3.005310109E-03 
         8 -2.894258825E-03  1.989983488E-03  1.935561470E-03 -2.904892689E-03 
         9 -2.795612440E-03  1.972439233E-03  1.932500257E-03 -2.802616471E-03 
        10 -2.696569078E-03  1.953376690E-03  1.932111083E-03 -2.699786421E-03 
        11 -1.007854822E-03  9.119937022E-05  6.636507486E-05 -1.005326591E-03 
        12 -9.026371408E-04  1.011996719E-04  6.680606303E-05 -9.013910211E-04 
        13 -7.962858654E-04  1.172956472E-04  6.575810028E-05 -7.972552363E-04 
        14 -7.370410603E-04  1.271709771E-04  6.355081433E-05 -6.935649223E-04 
        15 -6.840209826E-04  1.288870699E-04  1.869981581E-04 -6.853314307E-04 
        16 -5.833144533E-04  1.282528247E-04  1.774708527E-04 -5.775250902E-04 
        17 -4.770276719E-04  1.230705820E-04  1.637269837E-04 -4.703043525E-04 
        18 -3.751650511E-04  1.170597243E-04  1.461014197E-04 -3.694341506E-04 
        19 -2.770001593E-04  1.150542230E-04  1.281231806E-04 -2.752816664E-04 
        20 -1.834114664E-04  1.263802260E-04  1.108253011E-04 -1.840752402E-04 
        21 -1.349294907E-04  1.375757129E-04  1.824621522E-04 -1.631405136E-04 
        22 -9.362379933E-05  1.452865545E-04  1.562393313E-04 -8.961924719E-05 
        23 -3.573484355E-05  1.611867483E-04  1.429506679E-04 -2.640014050E-05 
        24 -3.578570386E-06  1.730874210E-04  1.926155920E-04 -1.566857720E-05 
        25  2.671245238E-05  1.682614966E-04  1.880186171E-04  3.887628747E-05 
        26  2.523988951E-05  1.519975631E-04  1.372427601E-04  2.941064111E-05 
        27 -7.720533176E-06  1.293248351E-04  1.429506679E-04 -2.640014050E-05 
        28 -9.024131032E-06  9.478932770E-05  8.900635807E-05 -3.160334126E-05 
        29  5.909217180E-06  6.785879668E-05  8.707509544E-05  3.682231778E-05 
        30  3.868500062E-05  3.043264587E-05  3.393898202E-05  4.248468120E-05 
        31  1.137442450E-04  2.154818503E-05  2.794200578E-05  1.007808420E-04 
        32  2.175741392E-04  5.345185855E-05  2.931386421E-05  2.067113238E-04 
        33  2.600608859E-04  3.632349399E-05  3.429371706E-05  2.597225743E-04 
        34  3.061965399E-04  1.393238290E-05  2.775908311E-05  3.200411847E-04 
        35 -2.418630291E-03  5.892793342E-05  7.332680564E-05 -2.420594786E-03 
        36 -2.315484453E-03  6.209646381E-05  7.311501499E-05 -2.316820890E-03 
        37 -2.212456195E-03  6.474075781E-05  7.043852328E-05 -2.213196658E-03 
        38 -2.110320842E-03  6.743201811E-05  6.674919455E-05 -2.110809722E-03 
        39 -2.008894691E-03  7.172764890E-05  6.249115734E-05 -2.009269490E-03 
        40 -1.909782761E-03  7.753058162E-05  5.855735120E-05 -1.909155614E-03 
        41 -1.811623457E-03  8.432409959E-05  5.673498202E-05 -1.809930395E-03 
        42 -1.712434110E-03  8.939544932E-05  5.515330775E-05 -1.709579807E-03 
        43 -1.612462569E-03  9.219692583E-05  5.457516422E-05 -1.609092055E-03 
        44 -1.513830503E-03  9.619889897E-05  5.383556151E-05 -1.509067679E-03 
        45 -1.417000429E-03  1.012553839E-04  5.490773208E-05 -1.410009075E-03 
        46 -1.317834132E-03  1.014200898E-04  5.715688499E-05 -1.310405891E-03 
        47 -1.215792843E-03  9.442200826E-05  6.005970237E-05 -1.209844188E-03 
        48 -1.112404047E-03  8.894810890E-05  6.361088174E-05 -1.108407631E-03 
        49 -2.596054925E-03  1.943145064E-03  1.933004749E-03 -2.597631251E-03 
        50 -2.494539134E-03  1.938852482E-03  1.934575948E-03 -2.495273050E-03 
        51 -2.392897848E-03  1.934654661E-03  1.936099255E-03 -2.392953671E-03 
        52 -2.290041884E-03  1.931388048E-03  1.936053435E-03 -2.289587949E-03 
        53 -2.185818506E-03  1.930670696E-03  1.934468811E-03 -2.185353151E-03 
        54 -2.081509214E-03  1.931161270E-03  1.932282097E-03 -2.081243068E-03 
        55 -1.977561507E-03  1.931495732E-03  1.931099759E-03 -1.977459928E-03 
        56 -1.874038018E-03  1.931221457E-03  1.931720263E-03 -1.874312453E-03 
        57 -1.770127099E-03  1.929979073E-03  1.935050064E-03 -1.771475459E-03 
        58 -1.666893251E-03  1.924061333E-03  1.942464568E-03 -1.670585838E-03 
        59  1.654000371E-03  6.482746685E-04  6.592648129E-04  1.668336460E-03 
        60  1.641944866E-03  1.345473924E-03  1.343450136E-03  1.648054619E-03 
        61  1.655384316E-03  1.385014504E-03  1.385659127E-03  1.646305674E-03 
        62  1.632294152E-03  1.424846239E-03  1.438983139E-03  1.641300779E-03 
        63  1.547896885E-03  2.934058102E-05  2.940408889E-05  1.547688228E-03 
        64  1.551634981E-03  8.781577344E-05  8.827208810E-05  1.542645135E-03 
        65  1.556433272E-03  1.464617962E-04  1.460479947E-04  1.540643245E-03 
        66  1.555948751E-03  2.000899985E-04  2.005083215E-04  1.536766356E-03 
        67  1.536178286E-03  2.474213252E-04  2.556878611E-04  1.543023861E-03 
        68  1.503080595E-03  2.807520214E-04  2.613806045E-04  1.491844116E-03 
        69  1.278087962E-03  2.445201062E-05  2.781562399E-05  1.291423479E-03 
        70  1.216063742E-03  3.219719656E-05  2.564670187E-05  1.216729608E-03 
        71  1.171357930E-03  7.745185030E-06  3.101034304E-05  1.138412517E-03 
        72  1.523270970E-03  4.886920215E-04  4.881572612E-04  1.504355344E-03 
        73  1.530416077E-03  5.056052469E-04  5.192616187E-04  1.510897871E-03 
        74  1.543702558E-03  5.203617620E-04  5.267495125E-04  1.542733763E-03 
        75  1.097007887E-03  6.796667003E-04  6.597188569E-04  1.107170693E-03 
        76  1.097814646E-03  7.108372520E-04  7.126853218E-04  1.110469354E-03 
        77  1.200228580E-03  8.447599248E-04  8.360423158E-04  1.192309180E-03 
        78  1.195617951E-03  8.843800169E-04  8.838161849E-04  1.195936268E-03 
        79 -2.521592891E-03  5.586021143E-05  7.110491468E-05 -2.524064784E-03 
        80 -2.624582732E-03  5.358266571E-05  6.600393607E-05 -2.626677037E-03 
        81 -2.727038227E-03  5.195666745E-05  5.825507198E-05 -2.727486420E-03 
        82 -2.827459015E-03  5.063430217E-05  4.912679422E-05 -2.825656849E-03 
        83 -2.923758700E-03  4.980218728E-05  4.152960011E-05 -2.921255581E-03 
        84 -3.017035080E-03  4.337194332E-05  4.077177812E-05 -3.017093035E-03 
        85 -3.111938480E-03  1.860057455E-05  4.724476742E-05 -3.112842704E-03 
        86 -4.575138446E-03  3.508965619E-06  5.596906824E-05 -4.526306414E-03 
        87 -4.628029186E-03  2.427985601E-05  5.666467444E-05 -4.629023667E-03 
        88 -4.695081152E-03  2.077089084E-05  6.050692886E-05 -4.730923795E-03 
        89  1.350795152E-03  1.582767698E-03  1.585662596E-03  1.351178768E-03 
        90  1.395718544E-03  1.557330019E-03  1.561072749E-03  1.396691022E-03 
        91  1.428113435E-03  1.536005177E-03  1.539287077E-03  1.429685494E-03 
        92  1.451659016E-03  1.515888725E-03  1.508124257E-03  1.449609407E-03 
        93  1.470932504E-03  1.502045081E-03  1.522023490E-03  1.477240600E-03 
        94  1.492639305E-03  1.487232046E-03  1.476445373E-03  1.488435351E-03 
        95  1.520260237E-03  1.474618330E-03  1.489643393E-03  1.528490113E-03 
        96  1.550237415E-03  1.466665301E-03  1.445421973E-03  1.542832394E-03 
        97  1.589712221E-03  1.451385673E-03  1.444243197E-03  1.588813441E-03 
        98  1.345314085E-03  1.243122038E-03  1.255215304E-03  1.349517189E-03 
        99  1.380141824E-03  1.257899217E-03  1.257801344E-03  1.377801787E-03 
       100  1.402828842E-03  1.267046435E-03  1.302969367E-03  1.389134369E-03 
       101  1.418583095E-03  1.269972650E-03  1.305999765E-03  1.432948873E-03 
       102  1.451212796E-03  1.273919479E-03  1.243020665E-03  1.446008448E-03 
       103  1.498551574E-03  1.280444907E-03  1.269417146E-03  1.501712701E-03 
       104  1.551244059E-03  1.292402740E-03  1.310434929E-03  1.546587867E-03 
       105  1.341479714E-03  1.221418264E-03  1.213875954E-03  1.331731353E-03 
       106  1.360534457E-03  1.205813373E-03  1.226714348E-03  1.383561841E-03 
       107  1.366327866E-03  1.178739360E-03  1.179844508E-03  1.378007570E-03 
       108  1.348724356E-03  1.129004639E-03  1.123461694E-03  1.364545082E-03 
       109  1.325756428E-03  1.095847925E-03  1.121460403E-03  1.303155500E-03 
       110  1.307572238E-03  1.058382797E-03  1.058878145E-03  1.284059184E-03 
       111  1.287463005E-03  1.002811245E-03  9.986381527E-04  1.266554976E-03 
       112  1.261624740E-03  9.625003440E-04  9.597548373E-04  1.265463167E-03 
       113  1.222613966E-03  9.256357444E-04  9.293720252E-04  1.220680106E-03 
       114  1.606980688E-03  1.318032853E-03  1.337127498E-03  1.594421472E-03 
       115  1.373994630E-03  7.582343533E-04  7.587654876E-04  1.374554936E-03 
       116  1.463766443E-03  7.077369373E-04  6.843850922E-04  1.496169854E-03 
       117  1.500720740E-03  7.115065819E-04  7.291330388E-04  1.493864260E-03 
       118  1.558625489E-03  7.106491830E-04  7.162547856E-04  1.558744198E-03 
       119  1.600728487E-03  6.935275160E-04  7.045302817E-04  1.602805228E-03 
       120  1.632802188E-03  6.654298049E-04  6.581511240E-04  1.619768255E-03 
       121  1.154848607E-03  1.747446717E-03  1.748211226E-03  1.154960487E-03 
       122  1.154104597E-03  1.793499920E-03  1.809861486E-03  1.115217514E-03 
       123  1.200613100E-03  1.823989442E-03  1.838381267E-03  1.193961290E-03 
       124  1.271716435E-03  1.840441604E-03  1.856961563E-03  1.267478446E-03 
       125  1.331895823E-03  1.854255795E-03  1.867500230E-03  1.331326106E-03 
       126  1.379041350E-03  1.879180316E-03  1.871273436E-03  1.376826709E-03 
       127  1.401737216E-03  1.898582093E-03  1.927677695E-03  1.391665935E-03 
       128  1.431666198E-03  1.912698499E-03  1.915664079E-03  1.434807790E-03 
       129  1.486031921E-03  1.930285129E-03  1.940247493E-03  1.479767767E-03 
       130  1.536903903E-03  1.935140230E-03  1.942136120E-03  1.535649528E-03 
       131  1.573060057E-03  1.921487856E-03  1.931519505E-03  1.584772875E-03 
       132  1.723294845E-03  1.973528648E-03  1.973460428E-03  1.707257894E-03 
       133  1.741334214E-03  1.926210476E-03  1.917593129E-03  1.718751741E-03 
       134  1.772805466E-03  1.895938884E-03  1.918706403E-03  1.794287453E-03 
       135  1.788446098E-03  1.869545202E-03  1.863749889E-03  1.819154601E-03 
       136  1.785792992E-03  1.828112639E-03  1.838402497E-03  1.774485517E-03 
       137  1.780916704E-03  1.803460182E-03  1.788546473E-03  1.813100957E-03 
       138  1.780656283E-03  1.803279039E-03  1.775305427E-03  1.776653791E-03 
       139  1.762378844E-03  1.796940458E-03  1.806662425E-03  1.750959794E-03 
       140  1.735438476E-03  1.787734800E-03  1.774727542E-03  1.742742310E-03 
       141  1.705679693E-03  1.782185282E-03  1.782133242E-03  1.704231979E-03 
       142  1.659754897E-03  1.778034144E-03  1.782199968E-03  1.660432579E-03 
       143  5.290587433E-04  1.989864046E-03  1.972141317E-03  5.472809736E-04 
       144  4.865387455E-04  1.967151416E-03  1.974844604E-03  4.631898431E-04 
       145  4.426030500E-04  1.928485231E-03  1.926672699E-03  4.543770204E-04 
       146  4.121556995E-04  1.893898007E-03  1.912972231E-03  3.935666735E-04 
       147  3.952278348E-04  1.859813812E-03  1.859741076E-03  3.878779436E-04 
       148  3.627221158E-04  1.817423268E-03  1.815530276E-03  3.660791114E-04 
       149  3.322271805E-04  1.792697934E-03  1.778576375E-03  3.562106028E-04 
       150  2.936116944E-04  1.783907763E-03  1.775497366E-03  2.941201200E-04 
       151  2.421197569E-04  1.791383140E-03  1.779225650E-03  2.401065689E-04 
       152  1.947628771E-04  1.802584971E-03  1.780499494E-03  1.843295540E-04 
       153  1.572809124E-04  1.808829489E-03  1.827176184E-03  1.726120209E-04 
       154  1.126106799E-04  1.819273573E-03  1.817677128E-03  1.132435071E-04 
       155  7.023804937E-05  1.828456298E-03  1.805967332E-03  5.749661979E-05 
       156  3.190709685E-05  1.841324149E-03  1.856895194E-03  3.873604122E-05 
       157 -3.641351941E-05  1.855561510E-03  1.837239083E-03 -2.807587275E-05 
       158 -7.918428309E-05  1.859054668E-03  1.799108044E-03 -1.026290357E-04 
       159 -1.290887885E-04  1.866833773E-03  1.883818147E-03 -1.349995385E-04 
       160 -2.368679707E-04  1.874764916E-03  1.860738437E-03 -2.355958718E-04 
       161 -3.507939691E-04  1.878651674E-03  1.840478751E-03 -3.480552224E-04 
       162 -4.110495793E-04  1.882520388E-03  1.821449334E-03 -4.602820078E-04 
       163 -4.660324194E-04  1.892572502E-03  1.937868019E-03 -4.625970964E-04 
       164 -5.689261598E-04  1.904780860E-03  1.933420872E-03 -5.677151537E-04 
       165 -6.742629339E-04  1.908037229E-03  1.931035804E-03 -6.720340127E-04 
       166 -7.788031944E-04  1.910854480E-03  1.929621388E-03 -7.762373276E-04 
       167 -8.834550972E-04  1.914391411E-03  1.929185365E-03 -8.805429480E-04 
       168 -9.885997279E-04  1.916715642E-03  1.931300447E-03 -9.845805923E-04 
       169 -1.094996580E-03  1.915488741E-03  1.936006340E-03 -1.087852054E-03 
       170 -1.201542560E-03  1.904691337E-03  1.943793790E-03 -1.188405186E-03 
       171 -1.255639479E-03  1.895755995E-03  1.829368103E-03 -1.233805673E-03 
       172 -1.305145794E-03  1.894399174E-03  1.852236959E-03 -1.322700402E-03 
       173 -1.394839725E-03  1.893075649E-03  1.874523444E-03 -1.398003815E-03 
       174 -1.476793201E-03  1.896746224E-03  1.874830866E-03 -1.474881274E-03 
       175 -1.540209050E-03  1.901320182E-03  1.850798777E-03 -1.553051966E-03 
       176 -1.589523978E-03  1.910645631E-03  1.951318214E-03 -1.572415930E-03 
