cellnumber     x-coordinate     y-coordinate     y-coordinate     x-coordinate 
         1 -4.364925437E-03  1.993900863E-03  1.933136697E-03 -4.416522146E-03 
         2 -4.312015604E-03  1.963806571E-03  1.931426409E-03 -4.314333929E-03 
         3 -4.235224798E-03  1.969906036E-03  1.931636683E-03 -4.211520295E-03 
         4 -3.352754749E-03  1.997204265E-03  1.932905906E-03 -3.406640362E-03 
         5 -3.297515446E-03  1.994184451E-03  1.937228295E-03 -3.300266113E-03 
         6 -3.212065436E-03  1.996980282E-03  1.943163964E-03 -3.201366508E-03 
         7 -3.064531367E-03  1.999098808E-03  1.941788315E-03 -3.105180951E-03 
         8 -2.995118499E-03  1.992493402E-03  1.939727861E-03 -3.005310109E-03 
         9 -2.896138001E-03  1.980790636E-03  1.935561470E-03 -2.904892689E-03 
        10 -2.796850866E-03  1.965603558E-03  1.932500257E-03 -2.802616471E-03 
        11 -2.697040793E-03  1.950270846E-03  1.932111083E-03 -2.699786421E-03 
        12  1.058432041E-03  6.040831977E-06  3.561057739E-05  1.060296711E-03 
        13  1.020165160E-03  6.040831977E-06  3.973284875E-05  9.851097223E-04 
        14 -1.008222345E-03  9.538835002E-05  6.636507486E-05 -1.005326591E-03 
        15 -9.028989589E-04  1.079876602E-04  6.680606303E-05 -9.013910211E-04 
        16 -8.124600863E-04  1.227949833E-04  6.575810028E-05 -7.972552363E-04 
        17 -7.584898849E-04  1.302103337E-04  1.938604447E-04 -7.950795716E-04 
        18 -6.892644451E-04  1.315451227E-04  1.869981581E-04 -6.853314307E-04 
        19 -5.831511808E-04  1.296495466E-04  1.774708527E-04 -5.775250902E-04 
        20 -4.769745865E-04  1.234193915E-04  1.637269837E-04 -4.703043525E-04 
        21 -3.752066696E-04  1.168775998E-04  1.461014197E-04 -3.694341506E-04 
        22 -2.770509163E-04  1.148318479E-04  1.281231806E-04 -2.752816664E-04 
        23 -1.848942775E-04  1.267392363E-04  1.108253011E-04 -1.840752402E-04 
        24 -1.361082104E-04  1.386800868E-04  1.824621522E-04 -1.631405136E-04 
        25 -9.247982234E-05  1.504246757E-04  1.562393313E-04 -8.961924719E-05 
        26 -4.090976654E-05  1.386569638E-04  1.429506679E-04 -2.640014050E-05 
        27 -1.241361679E-05  9.241682710E-05  8.900635807E-05 -3.160334126E-05 
        28  6.258793746E-06  6.500347808E-05  8.707509544E-05  3.682231778E-05 
        29  4.262282891E-05  3.953988198E-05  3.393898202E-05  4.248468120E-05 
        30  9.558020975E-05  3.421708243E-05  2.794200578E-05  1.007808420E-04 
        31  2.159330325E-04  3.949779421E-05  2.931386421E-05  2.067113238E-04 
        32  2.412005124E-04  1.044127839E-05  3.429371706E-05  2.597225743E-04 
        33 -2.418790944E-03  5.997870539E-05  7.332680564E-05 -2.420594786E-03 
        34 -2.315524267E-03  6.243902317E-05  7.311501499E-05 -2.316820890E-03 
        35 -2.212457126E-03  6.473579560E-05  7.043852328E-05 -2.213196658E-03 
        36 -2.110314323E-03  6.724088598E-05  6.674919455E-05 -2.110809722E-03 
        37 -2.008885611E-03  7.136063505E-05  6.249115734E-05 -2.009269490E-03 
        38 -1.909764134E-03  7.710199134E-05  5.855735120E-05 -1.909155614E-03 
        39 -1.811609021E-03  8.410830924E-05  5.673498202E-05 -1.809930395E-03 
        40 -1.712452853E-03  8.959040133E-05  5.515330775E-05 -1.709579807E-03 
        41 -1.612513326E-03  9.274669719E-05  5.457516422E-05 -1.609092055E-03 
        42 -1.513914205E-03  9.694390610E-05  5.383556151E-05 -1.509067679E-03 
        43 -1.417102409E-03  1.019696283E-04  5.490773208E-05 -1.410009075E-03 
        44 -1.317927265E-03  1.020006239E-04  5.715688499E-05 -1.310405891E-03 
        45 -1.215938013E-03  9.534357378E-05  6.005970237E-05 -1.209844188E-03 
        46 -1.112688682E-03  9.108000813E-05  6.361088174E-05 -1.108407631E-03 
        47 -2.596205100E-03  1.942035393E-03  1.933004749E-03 -2.597631251E-03 
        48 -2.494629705E-03  1.938099507E-03  1.934575948E-03 -2.495273050E-03 
        49 -2.392968163E-03  1.933999010E-03  1.936099255E-03 -2.392953671E-03 
        50 -2.290084725E-03  1.930855913E-03  1.936053435E-03 -2.289587949E-03 
        51 -2.185833873E-03  1.930267317E-03  1.934468811E-03 -2.185353151E-03 
        52 -2.081508748E-03  1.930914121E-03  1.932282097E-03 -2.081243068E-03 
        53 -1.977559412E-03  1.931421226E-03  1.931099759E-03 -1.977459928E-03 
        54 -1.874041627E-03  1.931260340E-03  1.931720263E-03 -1.874312453E-03 
        55 -1.770124538E-03  1.929971040E-03  1.935050064E-03 -1.771475459E-03 
        56 -1.666843309E-03  1.923682052E-03  1.942464568E-03 -1.670585838E-03 
        57  1.502484200E-03  3.082596959E-05  3.086320835E-05  1.462606141E-03 
        58  1.502422616E-03  6.921144814E-05  9.659987960E-05  1.457926661E-03 
        59  1.512942486E-03  9.869300266E-05  8.827208810E-05  1.542645135E-03 
        60  1.532196300E-03  1.484464301E-04  1.460479947E-04  1.540643245E-03 
        61  1.539451885E-03  2.013587073E-04  2.005083215E-04  1.536766356E-03 
        62  1.527485088E-03  2.448771556E-04  2.556878611E-04  1.543023861E-03 
        63  1.515402808E-03  2.729233820E-04  2.613806045E-04  1.491844116E-03 
        64  1.562119927E-03  4.709085042E-04  4.694127814E-04  1.570889464E-03 
        65  1.557385316E-03  4.897474428E-04  4.880986154E-04  1.558085760E-03 
        66  1.552341040E-03  5.213773693E-04  5.267495125E-04  1.542733763E-03 
        67  1.278820448E-03  6.961652543E-04  6.963759560E-04  1.279178579E-03 
        68  1.245289226E-03  7.096338668E-04  7.019590207E-04  1.238358517E-03 
        69  1.232029172E-03  7.296352996E-04  7.446784629E-04  1.257252981E-03 
        70  1.214677817E-03  7.548970170E-04  7.531452094E-04  1.205814394E-03 
        71  1.185881789E-03  7.856116281E-04  7.920525208E-04  1.202978166E-03 
        72  1.167715178E-03  8.054642822E-04  7.972717640E-04  1.150254311E-03 
        73  1.168077113E-03  8.190885419E-04  8.423857949E-04  1.154607389E-03 
        74  1.182668144E-03  8.431540336E-04  8.360423158E-04  1.192309180E-03 
        75  1.198353129E-03  8.839760558E-04  8.838161849E-04  1.195936268E-03 
        76 -2.521892544E-03  5.742567737E-05  7.110491468E-05 -2.524064784E-03 
        77 -2.624943852E-03  5.510193660E-05  6.600393607E-05 -2.626677037E-03 
        78 -2.727490384E-03  5.356640031E-05  5.825507198E-05 -2.727486420E-03 
        79 -2.828087658E-03  5.291969865E-05  4.912679422E-05 -2.825656849E-03 
        80 -2.924322151E-03  5.281095218E-05  4.152960011E-05 -2.921255581E-03 
        81 -3.017134499E-03  4.699308556E-05  4.077177812E-05 -3.017093035E-03 
        82 -3.114544321E-03  2.152064553E-05  4.724476742E-05 -3.112842704E-03 
        83 -3.168579657E-03  9.261784726E-07  5.527762229E-05 -3.210920916E-03 
        84 -4.632535856E-03  2.348666931E-05  5.666467444E-05 -4.629023667E-03 
        85 -4.698631819E-03  2.348666931E-05  6.050692886E-05 -4.730923795E-03 
        86  1.349397236E-03  1.583254198E-03  1.585662596E-03  1.351178768E-03 
        87  1.391044585E-03  1.551800175E-03  1.561072749E-03  1.396691022E-03 
        88  1.404773560E-03  1.529711299E-03  1.512890758E-03  1.380880745E-03 
        89  1.421957160E-03  1.509745372E-03  1.503808583E-03  1.418157778E-03 
        90  1.440750551E-03  1.489323331E-03  1.508124257E-03  1.449609407E-03 
        91  1.457530074E-03  1.479481696E-03  1.468011635E-03  1.455797878E-03 
        92  1.482397667E-03  1.464031520E-03  1.476445373E-03  1.488435351E-03 
        93  1.505864202E-03  1.444658963E-03  1.432953756E-03  1.498360337E-03 
        94  1.527429326E-03  1.423887792E-03  1.445421973E-03  1.542832394E-03 
        95  1.542138285E-03  1.389835728E-03  1.391879972E-03  1.545105238E-03 
        96  1.534876181E-03  1.343994285E-03  1.348812562E-03  1.521388233E-03 
        97  1.517756027E-03  1.313996036E-03  1.310434929E-03  1.546587867E-03 
        98  1.492189942E-03  1.291319844E-03  1.269417146E-03  1.501712701E-03 
        99  1.454811078E-03  1.277112868E-03  1.243020665E-03  1.446008448E-03 
       100  1.422856585E-03  1.271961723E-03  1.305999765E-03  1.432948873E-03 
       101  1.401764108E-03  1.267833286E-03  1.302969367E-03  1.389134369E-03 
       102  1.381428679E-03  1.265690778E-03  1.257801344E-03  1.377801787E-03 
       103  1.350922161E-03  1.259672805E-03  1.255215304E-03  1.349517189E-03 
       104  1.324730343E-03  1.209778711E-03  1.213875954E-03  1.331731353E-03 
       105  1.337906579E-03  1.176993712E-03  1.177305411E-03  1.319426226E-03 
       106  1.324026263E-03  1.122351852E-03  1.121460403E-03  1.303155500E-03 
       107  1.278797979E-03  1.062636031E-03  1.058878145E-03  1.284059184E-03 
       108  1.244875137E-03  1.029833686E-03  1.052563751E-03  1.227278995E-03 
       109  1.239206409E-03  1.009034342E-03  9.932952635E-04  1.217088629E-03 
       110  1.239842502E-03  9.800308617E-04  9.986381527E-04  1.266554976E-03 
       111  1.237044460E-03  9.619609336E-04  9.597548373E-04  1.265463167E-03 
       112  1.218579244E-03  9.314232157E-04  9.293720252E-04  1.220680106E-03 
       113  1.499654260E-03  6.498965668E-04  6.347355902E-04  1.498707262E-03 
       114  1.561232493E-03  6.356496597E-04  6.232774653E-04  1.551710865E-03 
       115  1.114571467E-03  1.715577790E-03  1.701518726E-03  1.097916249E-03 
       116  1.108652563E-03  1.748754992E-03  1.761767092E-03  1.051098779E-03 
       117  1.134474645E-03  1.785880304E-03  1.809861486E-03  1.115217514E-03 
       118  1.196490717E-03  1.835701172E-03  1.838381267E-03  1.193961290E-03 
       119  1.267644460E-03  1.859405776E-03  1.856961563E-03  1.267478446E-03 
       120  1.330395578E-03  1.878632116E-03  1.867500230E-03  1.331326106E-03 
       121  1.366671873E-03  1.894082292E-03  1.871273436E-03  1.376826709E-03 
       122  1.393333427E-03  1.906098216E-03  1.927677695E-03  1.391665935E-03 
       123  1.433549682E-03  1.921285409E-03  1.915664079E-03  1.434807790E-03 
       124  1.482674852E-03  1.936352579E-03  1.940247493E-03  1.479767767E-03 
       125  1.521878527E-03  1.933415770E-03  1.942136120E-03  1.535649528E-03 
       126  1.682257280E-03  1.973830396E-03  1.973460428E-03  1.707257894E-03 
       127  1.725437818E-03  1.926021068E-03  1.917593129E-03  1.718751741E-03 
       128  1.772229327E-03  1.895310706E-03  1.918706403E-03  1.794287453E-03 
       129  1.782203559E-03  1.875791233E-03  1.863749889E-03  1.819154601E-03 
       130  1.770045026E-03  1.841782592E-03  1.838402497E-03  1.774485517E-03 
       131  1.745767309E-03  1.813193550E-03  1.806662425E-03  1.750959794E-03 
       132  1.718883868E-03  1.804624801E-03  1.823944263E-03  1.705748553E-03 
       133  1.695096376E-03  1.796243130E-03  1.782133242E-03  1.704231979E-03 
       134  1.660197158E-03  1.788362162E-03  1.782199968E-03  1.660432579E-03 
       135  8.146510227E-04  1.891766093E-03  1.917288781E-03  7.843240008E-04 
       136  8.489832981E-04  1.894930145E-03  1.912714690E-03  8.478213595E-04 
       137  9.146996890E-04  1.886033569E-03  1.906070019E-03  9.149439262E-04 
       138  9.580827900E-04  1.866344828E-03  1.891638275E-03  9.962546383E-04 
       139  9.570367401E-04  1.857564435E-03  1.820171026E-03  9.838060608E-04 
       140  9.135158034E-04  1.860036165E-03  1.846867949E-03  9.118974599E-04 
       141  8.489018655E-04  1.877173665E-03  1.864680410E-03  8.495539732E-04 
       142  8.147074259E-04  1.891226624E-03  1.871891671E-03  7.893351986E-04 
       143  5.319824559E-04  1.991166733E-03  1.972141317E-03  5.472809736E-04 
       144  4.837329616E-04  1.968093915E-03  1.974844604E-03  4.631898431E-04 
       145  4.390657705E-04  1.931878505E-03  1.926672699E-03  4.543770204E-04 
       146  4.094595788E-04  1.897578593E-03  1.912972231E-03  3.935666735E-04 
       147  3.926055797E-04  1.859782380E-03  1.859741076E-03  3.878779436E-04 
       148  3.621909709E-04  1.817464014E-03  1.815530276E-03  3.660791114E-04 
       149  3.322329139E-04  1.792767900E-03  1.778576375E-03  3.562106028E-04 
       150  2.935949306E-04  1.783858868E-03  1.775497366E-03  2.941201200E-04 
       151  2.421033423E-04  1.791085931E-03  1.779225650E-03  2.401065689E-04 
       152  1.938347850E-04  1.802212442E-03  1.780499494E-03  1.843295540E-04 
       153  1.564362756E-04  1.808230183E-03  1.827176184E-03  1.726120209E-04 
       154  1.128243603E-04  1.818367280E-03  1.817677128E-03  1.132435071E-04 
       155  6.889124779E-05  1.827575732E-03  1.805967332E-03  5.749661979E-05 
       156  3.089273741E-05  1.839735080E-03  1.856895194E-03  3.873604122E-05 
       157 -3.521368490E-05  1.853017486E-03  1.837239083E-03 -2.807587275E-05 
       158 -8.268860984E-05  1.856278628E-03  1.799108044E-03 -1.026290357E-04 
       159 -1.325354970E-04  1.862977049E-03  1.883818147E-03 -1.349995385E-04 
       160 -2.354258613E-04  1.867179642E-03  1.860738437E-03 -2.355958718E-04 
       161 -3.496433492E-04  1.867030980E-03  1.840478751E-03 -3.480552224E-04 
       162 -4.457639589E-04  1.872241846E-03  1.821449334E-03 -4.602820078E-04 
       163 -5.015333882E-04  1.880497439E-03  1.937868019E-03 -4.625970964E-04 
       164 -5.696211010E-04  1.891884371E-03  1.933420872E-03 -5.677151537E-04 
       165 -6.751168985E-04  1.899844734E-03  1.931035804E-03 -6.720340127E-04 
       166 -7.797333528E-04  1.904449542E-03  1.929621388E-03 -7.762373276E-04 
       167 -8.844616823E-04  1.909116516E-03  1.929185365E-03 -8.805429480E-04 
       168 -9.897209238E-04  1.912110718E-03  1.931300447E-03 -9.845805923E-04 
       169 -1.096325926E-03  1.911075204E-03  1.936006340E-03 -1.087852054E-03 
       170 -1.195672317E-03  1.901350799E-03  1.943793790E-03 -1.188405186E-03 
       171 -1.249548630E-03  1.893559005E-03  1.829368103E-03 -1.233805673E-03 
       172 -1.305925427E-03  1.892654691E-03  1.852236959E-03 -1.322700402E-03 
       173 -1.395132160E-03  1.891659922E-03  1.874523444E-03 -1.398003815E-03 
       174 -1.476701349E-03  1.895521884E-03  1.874830866E-03 -1.474881274E-03 
       175 -1.541574602E-03  1.900580479E-03  1.850798777E-03 -1.553051966E-03 
       176 -1.590966014E-03  1.910045044E-03  1.951318214E-03 -1.572415930E-03 
