cellnumber     x-coordinate     y-coordinate     y-coordinate     x-coordinate 
         1 -4.396078642E-03  1.975514460E-03  1.933136697E-03 -4.416522146E-03 
         2 -4.312221427E-03  1.975514460E-03  1.931426409E-03 -4.314333929E-03 
         3 -3.463938134E-03  1.994123682E-03  1.938766576E-03 -3.509147931E-03 
         4 -3.399755806E-03  1.993824262E-03  1.932905906E-03 -3.406640362E-03 
         5 -3.340329975E-03  1.999700675E-03  1.937228295E-03 -3.300266113E-03 
         6 -3.193130717E-03  1.988475677E-03  1.943163964E-03 -3.201366508E-03 
         7 -3.100986592E-03  1.966342097E-03  1.941788315E-03 -3.105180951E-03 
         8 -3.003173508E-03  1.952679246E-03  1.939727861E-03 -3.005310109E-03 
         9 -2.902822103E-03  1.948250690E-03  1.935561470E-03 -2.904892689E-03 
        10 -2.800535411E-03  1.945453929E-03  1.932500257E-03 -2.802616471E-03 
        11 -2.698213328E-03  1.942575793E-03  1.932111083E-03 -2.699786421E-03 
        12  6.478132564E-04  1.287420018E-04  1.145189721E-04  6.470180370E-04 
        13  6.367780734E-04  1.473419979E-04  1.589834018E-04  6.298936868E-04 
        14 -1.012067194E-03  1.347242360E-04  1.977556957E-04 -1.019009077E-03 
        15 -9.043796454E-04  1.390671096E-04  1.984103759E-04 -9.069970064E-04 
        16 -7.962408126E-04  1.383540657E-04  1.938604447E-04 -7.950795716E-04 
        17 -6.892761448E-04  1.327034261E-04  1.869981581E-04 -6.853314307E-04 
        18 -5.840959493E-04  1.229844929E-04  1.774708527E-04 -5.775250902E-04 
        19 -4.792883992E-04  1.113495600E-04  1.637269837E-04 -4.703043525E-04 
        20 -3.785697627E-04  1.018861949E-04  1.461014197E-04 -3.694341506E-04 
        21 -2.807043784E-04  9.876971308E-05  1.281231806E-04 -2.752816664E-04 
        22 -1.851343841E-04  9.927345673E-05  1.108253011E-04 -1.840752402E-04 
        23 -1.020592972E-04  8.600841829E-05  9.693807319E-05 -1.022720959E-04 
        24 -5.735583545E-05  6.781280536E-05  8.900635807E-05 -3.160334126E-05 
        25 -2.137032970E-05  3.850739813E-05  3.067821061E-05 -2.973995391E-05 
        26  3.922888936E-05  7.926913895E-06  3.393898202E-05  4.248468120E-05 
        27  7.224391447E-05  8.663513995E-07  2.794200578E-05  1.007808420E-04 
        28 -2.419250784E-03  6.313736230E-05  7.332680564E-05 -2.420594786E-03 
        29 -2.315787366E-03  6.505446800E-05  7.311501499E-05 -2.316820890E-03 
        30 -2.212592168E-03  6.697900244E-05  7.043852328E-05 -2.213196658E-03 
        31 -2.110396978E-03  6.950202078E-05  6.674919455E-05 -2.110809722E-03 
        32 -2.008959651E-03  7.431694394E-05  6.249115734E-05 -2.009269490E-03 
        33 -1.909992890E-03  8.170207730E-05  5.855735120E-05 -1.909155614E-03 
        34 -1.812116709E-03  9.100745956E-05  5.673498202E-05 -1.809930395E-03 
        35 -1.713165897E-03  9.782728739E-05  5.515330775E-05 -1.709579807E-03 
        36 -1.613270841E-03  1.009053958E-04  5.457516422E-05 -1.609092055E-03 
        37 -1.514795236E-03  1.048959675E-04  5.383556151E-05 -1.509067679E-03 
        38 -1.454851939E-03  1.084789255E-04  5.490773208E-05 -1.410009075E-03 
        39 -1.406449592E-03  1.114847400E-04  1.617335276E-04 -1.426165312E-03 
        40 -1.320262905E-03  1.160453321E-04  1.668645453E-04 -1.329549773E-03 
        41 -1.220092410E-03  1.212039788E-04  1.792718652E-04 -1.230890175E-03 
        42 -1.117748674E-03  1.275983377E-04  1.909506707E-04 -1.127491208E-03 
        43 -2.596530830E-03  1.939626411E-03  1.933004749E-03 -2.597631251E-03 
        44 -2.494822256E-03  1.936508226E-03  1.934575948E-03 -2.495273050E-03 
        45 -2.393105067E-03  1.932719490E-03  1.936099255E-03 -2.392953671E-03 
        46 -2.290161559E-03  1.929958933E-03  1.936053435E-03 -2.289587949E-03 
        47 -2.185848542E-03  1.930166502E-03  1.934468811E-03 -2.185353151E-03 
        48 -2.081522951E-03  1.931646257E-03  1.932282097E-03 -2.081243068E-03 
        49 -1.977607142E-03  1.932422514E-03  1.931099759E-03 -1.977459928E-03 
        50 -1.874063746E-03  1.931639737E-03  1.931720263E-03 -1.874312453E-03 
        51 -1.769916620E-03  1.928438316E-03  1.935050064E-03 -1.771475459E-03 
        52 -1.666029915E-03  1.917549293E-03  1.942464568E-03 -1.670585838E-03 
        53  1.152351731E-03  1.325356970E-05  3.101034304E-05  1.138412517E-03 
        54  1.215599710E-03  3.975293657E-05  2.564670187E-05  1.216729608E-03 
        55  1.251091482E-03  5.342617442E-05  7.597944778E-05  1.220415129E-03 
        56  1.289017149E-03  7.083918899E-05  8.382080802E-05  1.288576347E-03 
        57  1.348569640E-03  1.083745301E-04  9.483070975E-05  1.371086269E-03 
        58  1.380870584E-03  1.500174985E-04  1.534666538E-04  1.356754465E-03 
        59  1.389317564E-03  1.822804043E-04  1.783614129E-04  1.413342180E-03 
        60  1.389965182E-03  2.176152484E-04  2.200892427E-04  1.390224425E-03 
        61  1.383227413E-03  2.637613507E-04  2.637882890E-04  1.382428426E-03 
        62  1.362805953E-03  2.978121629E-04  3.084583673E-04  1.375232493E-03 
        63  1.323749428E-03  3.212933661E-04  3.077494111E-04  1.324666190E-03 
        64  1.284125494E-03  3.327733139E-04  3.053288046E-04  1.273832916E-03 
        65  1.255426207E-03  3.345067962E-04  3.585910721E-04  1.262547421E-03 
        66  1.106383628E-03  4.399097525E-04  4.487808969E-04  1.113537532E-03 
        67  1.081628841E-03  4.678808327E-04  4.473723462E-04  1.076870502E-03 
        68  1.060476759E-03  4.829212558E-04  5.027628162E-04  1.070988945E-03 
        69  1.030052663E-03  4.900168860E-04  4.989071341E-04  1.027946398E-03 
        70  9.843956213E-04  5.438703229E-04  5.398682729E-04  1.007812527E-03 
        71  9.964542696E-04  5.828685826E-04  5.813749361E-04  9.981041355E-04 
        72 -2.522613388E-03  6.117047451E-05  7.110491468E-05 -2.524064784E-03 
        73 -2.626035828E-03  5.961631541E-05  6.600393607E-05 -2.626677037E-03 
        74 -2.729237545E-03  5.976156172E-05  5.825507198E-05 -2.727486420E-03 
        75 -2.831008518E-03  6.359953841E-05  4.912679422E-05 -2.825656849E-03 
        76 -2.927225083E-03  6.846762699E-05  4.152960011E-05 -2.921255581E-03 
        77 -3.017876297E-03  6.217167538E-05  4.077177812E-05 -3.017093035E-03 
        78 -3.112431616E-03  4.289992285E-05  4.724476742E-05 -3.112842704E-03 
        79 -3.195393132E-03  1.580401113E-05  5.527762229E-05 -3.210920916E-03 
        80 -4.654946737E-03  2.561236397E-05  5.666467444E-05 -4.629023667E-03 
        81 -4.728121683E-03  2.561236397E-05  6.050692886E-05 -4.730923795E-03 
        82  1.005615923E-03  1.513794065E-03  1.493449805E-03  9.745681507E-04 
        83  1.047723927E-03  1.496022567E-03  1.494216465E-03  1.047784337E-03 
        84  1.107760239E-03  1.480012550E-03  1.491339477E-03  1.106077008E-03 
        85  1.137785031E-03  1.471801195E-03  1.493791410E-03  1.161129173E-03 
        86  1.167517505E-03  1.448273193E-03  1.449570115E-03  1.166501057E-03 
        87  1.194798970E-03  1.421288121E-03  1.397169370E-03  1.170342761E-03 
        88  1.203297172E-03  1.394701423E-03  1.399825389E-03  1.222703507E-03 
        89  1.204902655E-03  1.166204456E-03  1.163144999E-03  1.221354644E-03 
        90  1.194184180E-03  1.151272329E-03  1.165893115E-03  1.172729462E-03 
        91  1.184280613E-03  1.127995434E-03  1.130512781E-03  1.169307293E-03 
        92  1.166896080E-03  1.095512416E-03  1.089590833E-03  1.175089669E-03 
        93  8.802670054E-04  1.979065593E-03  1.969865344E-03  9.053965490E-04 
        94  8.594513638E-04  1.949079335E-03  1.970124395E-03  8.346080369E-04 
        95  8.641804452E-04  1.921370975E-03  1.912714690E-03  8.478213595E-04 
        96  8.872624603E-04  1.890123356E-03  1.906070019E-03  9.149439262E-04 
        97  9.184392984E-04  1.862195903E-03  1.846867949E-03  9.118974599E-04 
        98  9.918428259E-04  1.837154967E-03  1.820171026E-03  9.838060608E-04 
        99  1.066306722E-03  1.780141611E-03  1.761767092E-03  1.051098779E-03 
       100  1.087076729E-03  1.701053581E-03  1.701518726E-03  1.097916249E-03 
       101  1.058652997E-03  1.654939493E-03  1.649630690E-03  1.062090514E-03 
       102  1.028239378E-03  1.636842848E-03  1.661841842E-03  1.021549211E-03 
       103  1.007697429E-03  1.632760395E-03  1.611095789E-03  1.006839613E-03 
       104  9.738303488E-04  1.623478485E-03  1.628755309E-03  9.745902564E-04 
       105  9.526977083E-04  1.613669447E-03  1.640984253E-03  9.427069241E-04 
       106  9.522897890E-04  1.611836604E-03  1.597111230E-03  9.336756457E-04 
       107  9.663283126E-04  1.590949250E-03  1.589383556E-03  9.737540144E-04 
       108  9.886848275E-04  1.546674408E-03  1.547151731E-03  9.788248170E-04 
       109  1.000583987E-03  1.967303455E-03  1.967796512E-03  9.859944441E-04 
       110  1.027681399E-03  1.904115779E-03  1.891638275E-03  9.962546383E-04 
       111  1.053576823E-03  1.857026131E-03  1.890758872E-03  1.085454211E-03 
       112  1.111894962E-03  1.833897433E-03  1.809861486E-03  1.115217514E-03 
       113  1.194397919E-03  1.841481542E-03  1.838381267E-03  1.193961290E-03 
       114  1.246922649E-03  1.870739623E-03  1.856961563E-03  1.267478446E-03 
       115  1.279971446E-03  1.906573772E-03  1.914442584E-03  1.256987177E-03 
       116  1.316146809E-03  1.937784371E-03  1.922916683E-03  1.327546091E-03 
       117  1.334494445E-03  1.974152168E-03  1.974293303E-03  1.329568134E-03 
       118  1.409822493E-03  1.866253559E-03  1.868211398E-03  1.409581679E-03 
       119  1.378781395E-03  1.885884325E-03  1.871273436E-03  1.376826709E-03 
       120  1.363522490E-03  1.926430152E-03  1.927677695E-03  1.391665935E-03 
       121  1.377477078E-03  1.975059044E-03  1.974436451E-03  1.399548220E-03 
       122  1.558846561E-03  1.981044188E-03  1.978854450E-03  1.578945755E-03 
       123  1.559635741E-03  1.959310146E-03  1.979290681E-03  1.525055689E-03 
       124  1.560799195E-03  1.950942795E-03  1.942136120E-03  1.535649528E-03 
       125  1.563568716E-03  1.932164072E-03  1.931519505E-03  1.584772875E-03 
       126  9.990357794E-04  8.155191317E-04  8.151753214E-04  9.855201863E-04 
       127  9.637174662E-04  8.307539974E-04  8.418754502E-04  9.751857298E-04 
       128  1.012809924E-03  9.056705167E-04  8.865689568E-04  1.018916037E-03 
       129  9.952277178E-04  8.913212805E-04  9.228839260E-04  9.897748937E-04 
       130  9.716310888E-04  8.765933453E-04  8.836823283E-04  9.698855629E-04 
       131  5.244854838E-04  1.987524331E-03  1.972141317E-03  5.472809736E-04 
       132  4.908014671E-04  1.965363277E-03  1.974844604E-03  4.631898431E-04 
       133  4.514309112E-04  1.921828836E-03  1.926672699E-03  4.543770204E-04 
       134  4.234362859E-04  1.886092243E-03  1.888194974E-03  4.650015219E-04 
       135  4.121078819E-04  1.858414616E-03  1.854365445E-03  4.333726697E-04 
       136  3.999197506E-04  1.829667832E-03  1.814672172E-03  4.200604828E-04 
       137  3.792794014E-04  1.813160838E-03  1.815530276E-03  3.660791114E-04 
       138  3.416134277E-04  1.786126988E-03  1.778576375E-03  3.562106028E-04 
       139  2.942338178E-04  1.774115255E-03  1.775497366E-03  2.941201200E-04 
       140  2.417254436E-04  1.784322318E-03  1.779225650E-03  2.401065689E-04 
       141  1.818581513E-04  1.793849282E-03  1.780499494E-03  1.843295540E-04 
       142  1.376626606E-04  1.795803895E-03  1.772320070E-03  1.239196254E-04 
       143  1.082549352E-04  1.802527928E-03  1.817677128E-03  1.132435071E-04 
       144  5.409798905E-05  1.811464201E-03  1.805967332E-03  5.749661979E-05 
       145  1.458474344E-05  1.815009164E-03  1.781158464E-03  4.654104666E-06 
       146 -2.892410339E-05  1.825876301E-03  1.837239083E-03 -2.807587275E-05 
       147 -1.086649936E-04  1.835670322E-03  1.799108044E-03 -1.026290357E-04 
       148 -1.589099556E-04  1.836876618E-03  1.883818147E-03 -1.349995385E-04 
       149 -2.286270173E-04  1.837695832E-03  1.860738437E-03 -2.355958718E-04 
       150 -3.462316527E-04  1.831751084E-03  1.840478751E-03 -3.480552224E-04 
       151 -4.592935147E-04  1.824021223E-03  1.821449334E-03 -4.602820078E-04 
       152 -5.722804926E-04  1.822552644E-03  1.806583953E-03 -5.736423995E-04 
       153 -6.815922679E-04  1.831191708E-03  1.796639734E-03 -6.854871096E-04 
       154 -7.884011138E-04  1.844547107E-03  1.790760351E-03 -7.968246720E-04 
       155 -8.947937749E-04  1.855636947E-03  1.790070130E-03 -9.093602063E-04 
       156 -9.724837728E-04  1.862122794E-03  1.796283957E-03 -1.021157300E-03 
       157 -1.025601756E-03  1.866171369E-03  1.931300447E-03 -9.845805923E-04 
       158 -1.057304675E-03  1.868338557E-03  1.936006340E-03 -1.087852054E-03 
       159 -1.111404854E-03  1.870825887E-03  1.809803006E-03 -1.130717216E-03 
       160 -1.214066870E-03  1.875700895E-03  1.829368103E-03 -1.233805673E-03 
       161 -1.311586122E-03  1.879990916E-03  1.852236959E-03 -1.322700402E-03 
       162 -1.397252665E-03  1.881275908E-03  1.874523444E-03 -1.398003815E-03 
       163 -1.475974801E-03  1.886257203E-03  1.874830866E-03 -1.474881274E-03 
       164 -1.552079688E-03  1.894842135E-03  1.850798777E-03 -1.553051966E-03 
       165 -1.601795782E-03  1.903322292E-03  1.951318214E-03 -1.572415930E-03 
