cellnumber     x-coordinate     y-coordinate     y-coordinate     x-coordinate 
         1 -4.097333644E-03  1.979265595E-03  1.933075753E-03 -4.109019672E-03 
         2 -4.006235395E-03  1.951187383E-03  1.934369578E-03 -4.006508197E-03 
         3 -3.904642072E-03  1.942385104E-03  1.936141286E-03 -3.904823046E-03 
         4 -3.804316511E-03  1.939300098E-03  1.938266303E-03 -3.804586373E-03 
         5 -3.705613781E-03  1.934710657E-03  1.940709876E-03 -3.705521991E-03 
         6 -3.608301748E-03  1.930346130E-03  1.941697752E-03 -3.607061421E-03 
         7 -3.511073533E-03  1.930857077E-03  1.938766576E-03 -3.509147931E-03 
         8 -3.406810109E-03  1.931618899E-03  1.932905906E-03 -3.406640362E-03 
         9 -3.299638396E-03  1.926564961E-03  1.937228295E-03 -3.300266113E-03 
        10 -3.203831147E-03  1.918538823E-03  1.943163964E-03 -3.201366508E-03 
        11 -3.110621357E-03  1.912087668E-03  1.941788315E-03 -3.105180951E-03 
        12 -3.011521185E-03  1.911325147E-03  1.939727861E-03 -3.005310109E-03 
        13 -2.910339739E-03  1.911416417E-03  1.935561470E-03 -2.904892689E-03 
        14 -2.807364101E-03  1.906218822E-03  1.932500257E-03 -2.802616471E-03 
        15 -2.704838058E-03  1.897551119E-03  1.932111083E-03 -2.699786421E-03 
        16 -7.915140595E-04  1.437283587E-03  1.392368641E-03 -8.309814945E-04 
        17 -7.210727781E-04  1.382044982E-03  1.414941266E-03 -6.895575731E-04 
        18 -6.507600192E-04  1.284911181E-03  1.274062105E-03 -6.823175616E-04 
        19 -6.069705123E-04  1.118594431E-03  1.103240867E-03 -6.630644717E-04 
        20 -6.583405775E-04  8.981473511E-04  8.973392836E-04 -6.611632941E-04 
        21 -1.032611821E-03  5.632608081E-04  5.975935816E-04 -1.033549055E-03 
        22 -9.290003218E-04  6.188706029E-04  5.772724204E-04 -9.029988690E-04 
        23 -8.362886147E-04  6.889363285E-04  7.216807854E-04 -8.603986968E-04 
        24 -7.624597638E-04  7.386254729E-04  6.711230652E-04 -7.674549339E-04 
        25 -7.339505828E-04  7.599929813E-04  7.069028036E-04 -6.585072462E-04 
        26 -2.439464210E-03  2.168096689E-04  2.201922154E-04 -2.440115159E-03 
        27 -2.328613074E-03  2.393635223E-04  2.186625499E-04 -2.328098011E-03 
        28 -2.250645775E-03  2.681233746E-04  2.112852275E-04 -2.217161031E-03 
        29 -2.192626009E-03  2.908194438E-04  3.520143230E-04 -2.212597215E-03 
        30 -2.100426005E-03  3.106746008E-04  3.312500706E-04 -2.099126022E-03 
        31 -2.008205513E-03  3.380643611E-04  3.029544401E-04 -1.995195726E-03 
        32 -1.932254643E-03  3.643516684E-04  4.173342036E-04 -1.946427311E-03 
        33 -1.854389440E-03  3.799477709E-04  3.519095714E-04 -1.855315360E-03 
        34 -1.756499405E-03  3.915595880E-04  3.893469520E-04 -1.756236354E-03 
        35 -1.638626331E-03  3.998494358E-04  3.987650529E-04 -1.637128831E-03 
        36 -1.502992352E-03  4.154215858E-04  3.957838067E-04 -1.512344797E-03 
        37 -1.416263636E-03  4.299852590E-04  3.575266357E-04 -1.405965067E-03 
        38 -1.323822071E-03  4.517341440E-04  4.244326933E-04 -1.305797156E-03 
        39 -1.191331656E-03  4.948218702E-04  4.548834980E-04 -1.167276196E-03 
        40 -1.122817397E-03  5.244517815E-04  6.053760534E-04 -1.184284385E-03 
        41 -2.605344169E-03  1.880267169E-03  1.933004749E-03 -2.597631251E-03 
        42 -2.555583604E-03  1.867836923E-03  1.799962270E-03 -2.611890894E-03 
        43 -2.503443975E-03  1.857253024E-03  1.807533011E-03 -2.506620354E-03 
        44 -2.402277198E-03  1.835514675E-03  1.814425294E-03 -2.403696474E-03 
        45 -2.299568150E-03  1.813174691E-03  1.814740996E-03 -2.299235548E-03 
        46 -2.193282591E-03  1.791775343E-03  1.808920785E-03 -2.191616715E-03 
        47 -2.083819825E-03  1.771531417E-03  1.800316934E-03 -2.082469901E-03 
        48 -1.971909311E-03  1.751492964E-03  1.794137860E-03 -1.972503144E-03 
        49 -1.897033886E-03  1.732456498E-03  1.793465804E-03 -1.863882839E-03 
        50 -1.839684439E-03  1.715354039E-03  1.652610595E-03 -1.855339528E-03 
        51 -1.721389126E-03  1.684364164E-03  1.673647406E-03 -1.725666230E-03 
        52 -1.625480712E-03  1.656259992E-03  1.714492021E-03 -1.604933788E-03 
        53 -1.544211991E-03  1.644052798E-03  1.615152290E-03 -1.546052270E-03 
        54 -2.549411496E-03  2.023547568E-04  2.134558165E-04 -2.551091762E-03 
        55 -2.657982754E-03  1.867569954E-04  1.989311877E-04 -2.660682491E-03 
        56 -2.763090888E-03  1.670986530E-04  1.782028234E-04 -2.766268784E-03 
        57 -2.862995490E-03  1.539511286E-04  1.519967680E-04 -2.860687855E-03 
        58 -2.932751551E-03  1.588305749E-04  1.245868552E-04 -2.938612863E-03 
        59 -2.980463440E-03  1.632133353E-04  1.949605707E-04 -2.983549814E-03 
        60 -3.028454259E-03  1.493146265E-04  1.214414492E-04 -3.016459697E-03 
        61 -3.100352827E-03  1.280239230E-04  1.454524803E-04 -3.098442181E-03 
        62 -3.175424878E-03  1.138884400E-04  1.685867443E-04 -3.193051086E-03 
        63 -3.228223883E-03  9.781090193E-05  5.527762229E-05 -3.210920916E-03 
        64 -3.309542546E-03  7.747283962E-05  6.199954715E-05 -3.311930414E-03 
        65 -3.415417159E-03  6.632794248E-05  6.462525821E-05 -3.415662322E-03 
        66 -3.520334372E-03  6.200564530E-05  6.380833434E-05 -3.520089625E-03 
        67 -3.624626901E-03  6.187975669E-05  5.980250934E-05 -3.623612789E-03 
        68 -3.725255374E-03  6.615068560E-05  5.360691041E-05 -3.723738008E-03 
        69 -3.822932020E-03  6.830361235E-05  5.102335929E-05 -3.822366682E-03 
        70 -3.920537420E-03  6.351564662E-05  5.225894635E-05 -3.921222529E-03 
        71 -4.019854590E-03  5.703548959E-05  5.689246147E-05 -4.020525214E-03 
        72 -4.121464677E-03  5.148029959E-05  6.073745610E-05 -4.121556536E-03 
        73 -4.223392811E-03  4.306337723E-05  6.198469455E-05 -4.222944128E-03 
        74 -4.324866924E-03  3.042542266E-05  6.007520483E-05 -4.324261684E-03 
        75 -4.425697029E-03  2.044422399E-05  5.780932662E-05 -4.424947168E-03 
        76 -4.526661709E-03  1.478709601E-05  5.596906824E-05 -4.526306414E-03 
        77 -4.583934322E-03  5.983586107E-06  5.666467444E-05 -4.629023667E-03 
        78 -5.168677308E-03  1.872144821E-05  6.473279037E-05 -5.145436630E-03 
        79 -5.240076687E-03  2.884921923E-05  5.901185833E-05 -5.247603241E-03 
        80 -5.092845764E-03  1.976510976E-03  1.938990709E-03 -5.118253907E-03 
        81 -5.017053802E-03  1.951081678E-03  1.944484711E-03 -5.017463170E-03 
        82 -4.917837679E-03  1.956468448E-03  1.948290908E-03 -4.918495029E-03 
        83 -4.853498656E-03  1.981897745E-03  1.948353827E-03 -4.818912674E-03 
        84 -8.598016575E-04  1.484469627E-03  1.525793439E-03 -8.249774301E-04 
        85 -9.570668335E-04  1.529939123E-03  1.521332281E-03 -9.596832584E-04 
        86 -1.085967524E-03  1.571825240E-03  1.530420846E-03 -1.096716922E-03 
        87 -1.216951991E-03  1.605847385E-03  1.559579817E-03 -1.236544091E-03 
        88 -1.356479945E-03  1.628807164E-03  1.616039874E-03 -1.358988624E-03 
        89 -1.454941230E-03  1.637125155E-03  1.685995259E-03 -1.449680351E-03 
        90 -5.419495050E-03  9.275390767E-06  4.492314267E-05 -5.441885650E-03 
        91 -5.338391289E-03  1.940316179E-05  5.082560188E-05 -5.345947182E-03 
