cellnumber     x-coordinate     y-coordinate     y-coordinate     x-coordinate 
         1 -4.462754354E-03  1.999723958E-03  1.936762355E-03 -4.517952941E-03 
         2 -4.460806958E-03  1.999723958E-03  1.933136697E-03 -4.416522146E-03 
         3 -4.187903367E-03  1.985773677E-03  1.931636683E-03 -4.211520295E-03 
         4 -4.108210094E-03  1.957835397E-03  1.933075753E-03 -4.109019672E-03 
         5 -4.006320611E-03  1.942521892E-03  1.934369578E-03 -4.006508197E-03 
         6 -3.904627403E-03  1.939339214E-03  1.936141286E-03 -3.904823046E-03 
         7 -3.804353299E-03  1.935977372E-03  1.938266303E-03 -3.804586373E-03 
         8 -3.705793759E-03  1.931062317E-03  1.940709876E-03 -3.705521991E-03 
         9 -3.608644474E-03  1.926895697E-03  1.941697752E-03 -3.607061421E-03 
        10 -3.511459101E-03  1.928375452E-03  1.938766576E-03 -3.509147931E-03 
        11 -3.407054348E-03  1.929407124E-03  1.932905906E-03 -3.406640362E-03 
        12 -3.299752250E-03  1.922108699E-03  1.937228295E-03 -3.300266113E-03 
        13 -3.205144079E-03  1.907782862E-03  1.943163964E-03 -3.201366508E-03 
        14 -3.113959916E-03  1.893735374E-03  1.941788315E-03 -3.105180951E-03 
        15 -3.015382448E-03  1.892182627E-03  1.939727861E-03 -3.005310109E-03 
        16 -2.913476201E-03  1.896113739E-03  1.935561470E-03 -2.904892689E-03 
        17 -2.809637226E-03  1.893361099E-03  1.932500257E-03 -2.802616471E-03 
        18 -2.707502805E-03  1.879172865E-03  1.932111083E-03 -2.699786421E-03 
        19 -9.657852934E-04  1.402645488E-03  1.381782849E-03 -9.776427186E-04 
        20 -8.896827349E-04  1.335311914E-03  1.392368641E-03 -8.309814945E-04 
        21 -8.411208983E-04  1.243375940E-03  1.244119240E-03 -8.301378174E-04 
        22 -8.095369558E-04  1.078603091E-03  1.078612018E-03 -8.200685322E-04 
        23 -8.517634124E-04  9.036749252E-04  8.915929520E-04 -8.171773697E-04 
        24 -8.986725006E-04  8.119804552E-04  7.216807854E-04 -8.603986968E-04 
        25 -9.663536330E-04  7.397792651E-04  7.722033649E-04 -1.004195331E-03 
        26 -1.064474927E-03  6.434156094E-04  5.975935816E-04 -1.033549055E-03 
        27 -2.442252124E-03  2.416850766E-04  2.201922154E-04 -2.440115159E-03 
        28 -2.355335979E-03  2.730773122E-04  2.186625499E-04 -2.328098011E-03 
        29 -2.298375824E-03  2.966176544E-04  3.662185855E-04 -2.332841970E-03 
        30 -2.213857602E-03  3.136527957E-04  3.520143230E-04 -2.212597215E-03 
        31 -2.096986398E-03  3.384209122E-04  3.312500706E-04 -2.099126022E-03 
        32 -2.022429137E-03  3.609013220E-04  3.029544401E-04 -1.995195726E-03 
        33 -1.938998816E-03  3.818439727E-04  4.173342036E-04 -1.946427311E-03 
        34 -1.847390085E-03  3.958978632E-04  3.519095714E-04 -1.855315360E-03 
        35 -1.760261483E-03  4.053001176E-04  3.893469520E-04 -1.756236354E-03 
        36 -1.638961839E-03  4.210248298E-04  3.987650529E-04 -1.637128831E-03 
        37 -1.534970943E-03  4.392643750E-04  3.957838067E-04 -1.512344797E-03 
        38 -1.456112135E-03  4.564511764E-04  5.452351601E-04 -1.510181627E-03 
        39 -1.337243360E-03  4.978586221E-04  5.787088589E-04 -1.353333446E-03 
        40 -1.176893362E-03  5.731541314E-04  6.053760534E-04 -1.184284385E-03 
        41 -2.655736171E-03  1.866307342E-03  1.933004749E-03 -2.597631251E-03 
        42 -2.604929032E-03  1.853468129E-03  1.799962270E-03 -2.611890894E-03 
        43 -2.504863543E-03  1.828552922E-03  1.807533011E-03 -2.506620354E-03 
        44 -2.404803177E-03  1.799097634E-03  1.814425294E-03 -2.403696474E-03 
        45 -2.317541512E-03  1.769219874E-03  1.814740996E-03 -2.299235548E-03 
        46 -2.265175339E-03  1.752637792E-03  1.706514208E-03 -2.308241856E-03 
        47 -2.197204856E-03  1.742142020E-03  1.689752994E-03 -2.203074674E-03 
        48 -2.086140914E-03  1.727225841E-03  1.670428292E-03 -2.091832782E-03 
        49 -1.972201746E-03  1.711590798E-03  1.656135306E-03 -1.975000886E-03 
        50 -1.856513787E-03  1.692214399E-03  1.652610595E-03 -1.855339528E-03 
        51 -1.724407659E-03  1.657365123E-03  1.673647406E-03 -1.725666230E-03 
        52 -1.638368820E-03  1.630681567E-03  1.546881967E-03 -1.685007620E-03 
        53 -1.543223043E-03  1.617935719E-03  1.615152290E-03 -1.546052270E-03 
        54 -1.454108278E-03  1.606660662E-03  1.503794129E-03 -1.448220929E-03 
        55 -2.552406397E-03  2.184307814E-04  2.134558165E-04 -2.551091762E-03 
        56 -2.661534352E-03  1.999496308E-04  1.989311877E-04 -2.660682491E-03 
        57 -2.768717008E-03  1.824056089E-04  1.782028234E-04 -2.766268784E-03 
        58 -2.870227676E-03  1.816171571E-04  1.519967680E-04 -2.860687855E-03 
        59 -2.922765911E-03  1.887205290E-04  2.514614593E-04 -2.912482779E-03 
        60 -2.981008729E-03  1.808734960E-04  1.949605707E-04 -2.983549814E-03 
        61 -3.039386123E-03  1.707958727E-04  1.214414492E-04 -3.016459697E-03 
        62 -3.095539287E-03  1.506694243E-04  1.454524803E-04 -3.098442181E-03 
        63 -3.196208505E-03  1.250975620E-04  1.685867443E-04 -3.193051086E-03 
        64 -3.248931374E-03  1.149004602E-04  5.527762229E-05 -3.210920916E-03 
        65 -3.307477338E-03  9.648771083E-05  6.199954715E-05 -3.311930414E-03 
        66 -3.415014362E-03  7.484542584E-05  6.462525821E-05 -3.415662322E-03 
        67 -3.520408180E-03  6.676818884E-05  6.380833434E-05 -3.520089625E-03 
        68 -3.624789650E-03  6.422626757E-05  5.980250934E-05 -3.623612789E-03 
        69 -3.725299379E-03  6.628004485E-05  5.360691041E-05 -3.723738008E-03 
        70 -3.822904313E-03  6.689302973E-05  5.102335929E-05 -3.822366682E-03 
        71 -3.920545802E-03  6.238714559E-05  5.225894635E-05 -3.921222529E-03 
        72 -4.019846208E-03  5.724490256E-05  5.689246147E-05 -4.020525214E-03 
        73 -4.121399019E-03  5.326007522E-05  6.073745610E-05 -4.121556536E-03 
        74 -4.223302938E-03  4.972815805E-05  6.198469455E-05 -4.222944128E-03 
        75 -4.324717447E-03  4.620671461E-05  6.007520483E-05 -4.324261684E-03 
        76 -4.425470717E-03  4.005718802E-05  5.780932662E-05 -4.424947168E-03 
        77 -4.526621662E-03  3.189992276E-05  5.596906824E-05 -4.526306414E-03 
        78 -4.627737682E-03  1.771270399E-05  5.666467444E-05 -4.629023667E-03 
        79 -4.681446124E-03  3.775519644E-06  6.050692886E-05 -4.730923795E-03 
        80 -5.181473214E-03  1.235449531E-06  6.473279037E-05 -5.145436630E-03 
        81 -5.238199607E-03  1.990501005E-05  5.901185833E-05 -5.247603241E-03 
        82 -5.173611920E-03  1.995526254E-03  1.934327000E-03 -5.221331158E-03 
        83 -5.118638277E-03  1.970655518E-03  1.938990709E-03 -5.118253907E-03 
        84 -5.017021205E-03  1.951667247E-03  1.944484711E-03 -5.017463170E-03 
        85 -4.935855512E-03  1.976537984E-03  1.948290908E-03 -4.918495029E-03 
        86 -1.031816937E-03  1.459212392E-03  1.521332281E-03 -9.596832584E-04 
        87 -1.102986746E-03  1.501068124E-03  1.530420846E-03 -1.096716922E-03 
        88 -1.235532342E-03  1.561781974E-03  1.559579817E-03 -1.236544091E-03 
        89 -1.374814543E-03  1.595508656E-03  1.616039874E-03 -1.358988624E-03 
        90 -5.508787930E-03  1.664082811E-05  4.459777306E-05 -5.537449764E-03 
        91 -5.439749453E-03  3.140913759E-05  4.492314267E-05 -5.441885650E-03 
        92 -5.342350341E-03  3.343787466E-05  5.082560188E-05 -5.345947182E-03 
