cellnumber     x-coordinate     y-coordinate     y-coordinate     x-coordinate 
         1 -5.015565548E-03  1.480292529E-03  1.487872075E-03 -4.987579970E-03 
         2 -4.897679202E-03  1.364787342E-03  1.355609994E-03 -4.908683250E-03 
         3 -4.830268677E-03  1.187211601E-03  1.185938502E-03 -4.845740053E-03 
         4 -4.845632240E-03  9.844977176E-04  9.852271887E-04 -4.819195272E-03 
         5 -4.881821573E-03  8.760488709E-04  7.942485114E-04 -4.810469578E-03 
         6 -4.944510758E-03  7.819863968E-04  7.931783015E-04 -4.964977931E-03 
         7 -5.014302209E-03  6.844078307E-04  6.187289474E-04 -4.956766110E-03 
         8 -5.096375477E-03  6.092417752E-04  6.150339463E-04 -5.097984188E-03 
         9 -5.177323706E-03  5.397565546E-04  5.997411662E-04 -5.242738207E-03 
        10 -5.242059007E-03  4.832482955E-04  4.572464465E-04 -5.222150643E-03 
        11 -5.361825228E-03  3.985740186E-04  4.264681494E-04 -5.379978385E-03 
        12 -6.316040643E-03  1.989818877E-03  1.941039642E-03 -6.343202304E-03 
        13 -6.238106638E-03  1.965964213E-03  1.942084476E-03 -6.241432963E-03 
        14 -6.137756631E-03  1.948937541E-03  1.944167968E-03 -6.138718099E-03 
        15 -6.036194507E-03  1.940700342E-03  1.948080179E-03 -6.036384771E-03 
        16 -5.941620097E-03  1.927873353E-03  1.952643376E-03 -5.937578608E-03 
        17 -5.850565620E-03  1.913311193E-03  1.950483939E-03 -5.840505752E-03 
        18 -5.756352097E-03  1.895689871E-03  1.944291145E-03 -5.741907226E-03 
        19 -5.705832969E-03  1.882638899E-03  1.936661234E-03 -5.640823781E-03 
        20 -5.654880311E-03  1.865106751E-03  1.808539634E-03 -5.673749247E-03 
        21 -5.553491879E-03  1.835056115E-03  1.799469955E-03 -5.559921924E-03 
        22 -5.443824455E-03  1.805305830E-03  1.795993062E-03 -5.445236497E-03 
        23 -5.348565057E-03  1.762755099E-03  1.798247122E-03 -5.329769660E-03 
        24 -5.286760163E-03  1.719778171E-03  1.668135092E-03 -5.326683176E-03 
        25 -5.217898171E-03  1.665898133E-03  1.684082702E-03 -5.197630988E-03 
        26 -5.124886986E-03  1.577614923E-03  1.565502744E-03 -5.169327820E-03 
        27 -5.077525042E-03  1.527209417E-03  1.600032251E-03 -5.040464477E-03 
        28 -6.722734775E-03  2.678526835E-05  6.322564647E-05 -6.739235961E-03 
        29 -6.639744621E-03  5.487967428E-05  5.527185840E-05 -6.640630413E-03 
        30 -6.544731092E-03  5.656400390E-05  4.872757658E-05 -6.545017618E-03 
        31 -6.449343171E-03  5.494764991E-05  4.874166777E-05 -6.448031453E-03 
        32 -6.350223441E-03  5.222719483E-05  5.285901885E-05 -6.349655635E-03 
        33 -6.248735357E-03  5.020750541E-05  5.797063282E-05 -6.249329998E-03 
        34 -6.146156695E-03  5.095078814E-05  6.211032921E-05 -6.147200541E-03 
        35 -6.043264642E-03  6.103992928E-05  6.627403822E-05 -6.043387808E-03 
        36 -5.938882474E-03  1.007291867E-04  6.868406450E-05 -5.938978828E-03 
        37 -5.884064827E-03  1.343775803E-04  6.710090730E-05 -5.834726738E-03 
        38 -5.825798493E-03  1.577538060E-04  1.985639937E-04 -5.825569492E-03 
        39 -5.720870569E-03  2.069239999E-04  1.825888363E-04 -5.715459715E-03 
        40 -5.653693806E-03  2.444744459E-04  3.038818348E-04 -5.684171677E-03 
        41 -5.588884000E-03  2.749246487E-04  2.581640819E-04 -5.578051527E-03 
        42 -5.487599410E-03  3.269378503E-04  3.555822126E-04 -5.505147315E-03 
