cellnumber     x-coordinate     y-coordinate     y-coordinate     x-coordinate 
         1 -4.718820564E-03  1.949284459E-03  1.945594745E-03 -4.718454719E-03 
         2 -4.618517123E-03  1.947527868E-03  1.941195501E-03 -4.618455788E-03 
         3 -4.517643712E-03  1.945740893E-03  1.936762355E-03 -4.517952941E-03 
         4 -4.415976815E-03  1.943919226E-03  1.933136697E-03 -4.416522146E-03 
         5 -4.313708749E-03  1.941633062E-03  1.931426409E-03 -4.314333929E-03 
         6 -4.211113323E-03  1.938776230E-03  1.931636683E-03 -4.211520295E-03 
         7 -4.108747002E-03  1.934876316E-03  1.933075753E-03 -4.109019672E-03 
         8 -4.006339237E-03  1.929408056E-03  1.934369578E-03 -4.006508197E-03 
         9 -3.904550569E-03  1.921812771E-03  1.936141286E-03 -3.904823046E-03 
        10 -3.804667853E-03  1.911176485E-03  1.938266303E-03 -3.804586373E-03 
        11 -3.707705531E-03  1.895038644E-03  1.940709876E-03 -3.705521991E-03 
        12 -3.613002831E-03  1.884268597E-03  1.941697752E-03 -3.607061421E-03 
        13 -3.517968347E-03  1.888055820E-03  1.938766576E-03 -3.509147931E-03 
        14 -3.445766168E-03  1.881116885E-03  1.932905906E-03 -3.406640362E-03 
        15 -3.386982949E-03  1.861525583E-03  1.792836158E-03 -3.420808489E-03 
        16 -3.295949195E-03  1.835767878E-03  1.809831896E-03 -3.294728159E-03 
        17 -3.215827746E-03  1.801646198E-03  1.833132486E-03 -3.204367597E-03 
        18 -3.149307799E-03  1.779329614E-03  1.745000869E-03 -3.159499416E-03 
        19 -3.098268295E-03  1.776962541E-03  1.835596545E-03 -3.118652356E-03 
        20 -3.040254582E-03  1.783326152E-03  1.817102320E-03 -3.031397520E-03 
        21 -2.938728081E-03  1.773862983E-03  1.804866979E-03 -2.932343393E-03 
        22 -2.853330690E-03  1.746051479E-03  1.798346128E-03 -2.825612704E-03 
        23 -2.800876508E-03  1.726048649E-03  1.661886550E-03 -2.845140649E-03 
        24 -2.727269428E-03  1.706997165E-03  1.664952175E-03 -2.730799394E-03 
        25 -2.488720929E-03  4.230462655E-04  3.697733932E-04 -2.454968943E-03 
        26 -2.427318366E-03  4.560017260E-04  5.208705710E-04 -2.465112595E-03 
        27 -2.327249851E-03  4.995228373E-04  5.170121534E-04 -2.328640062E-03 
        28 -2.227539662E-03  5.517557147E-04  4.965748243E-04 -2.196300302E-03 
        29 -2.145039616E-03  6.063808105E-04  6.532799315E-04 -2.165087823E-03 
        30 -2.051114570E-03  6.685498520E-04  6.124473144E-04 -2.026903482E-03 
        31 -1.942900824E-03  7.665004814E-04  7.769467954E-04 -1.971675501E-03 
        32 -1.838057069E-03  9.220128995E-04  9.469197276E-04 -1.914495198E-03 
        33 -1.810822403E-03  1.128333504E-03  1.142795076E-03 -1.851298022E-03 
        34 -1.875089132E-03  1.305671292E-03  1.339741886E-03 -1.829856047E-03 
        35 -1.978680491E-03  1.405424671E-03  1.354698913E-03 -2.005746600E-03 
        36 -2.043040935E-03  1.461791340E-03  1.514084867E-03 -1.984851751E-03 
        37 -2.117344178E-03  1.510166912E-03  1.538670614E-03 -2.111712873E-03 
        38 -2.233354608E-03  1.558615244E-03  1.575400397E-03 -2.225971439E-03 
        39 -2.308001975E-03  1.569412299E-03  1.614483053E-03 -2.320783245E-03 
        40 -2.355145756E-03  1.574017922E-03  1.534028585E-03 -2.367683665E-03 
        41 -2.416199772E-03  1.601433149E-03  1.616760229E-03 -2.408186522E-03 
        42 -2.480329946E-03  1.631603809E-03  1.584168357E-03 -2.497886736E-03 
        43 -2.535016509E-03  1.652856823E-03  1.694345655E-03 -2.508386553E-03 
        44 -2.615143545E-03  1.678482047E-03  1.676729652E-03 -2.616739931E-03 
        45 -2.580068540E-03  3.822713043E-04  3.602622400E-04 -2.576922968E-03 
        46 -2.700502053E-03  3.499543527E-04  3.375554304E-04 -2.696750642E-03 
        47 -2.817838686E-03  3.395819804E-04  3.020632581E-04 -2.813140606E-03 
        48 -2.891807118E-03  3.401135036E-04  4.277590856E-04 -2.880125428E-03 
        49 -2.988277469E-03  3.242044477E-04  3.451552469E-04 -2.994928149E-03 
        50 -3.079746384E-03  3.074522829E-04  2.440689218E-04 -3.061257662E-03 
        51 -3.160193097E-03  2.842853428E-04  2.861603377E-04 -3.164992166E-03 
        52 -3.266638145E-03  2.545431198E-04  3.063139266E-04 -3.281050739E-03 
        53 -3.326845123E-03  2.335285390E-04  1.837645910E-04 -3.297713355E-03 
        54 -3.407718148E-03  2.064296568E-04  1.897839946E-04 -3.409442843E-03 
        55 -3.522837767E-03  1.816274453E-04  1.873953780E-04 -3.522972421E-03 
        56 -3.634335706E-03  1.624252764E-04  1.761512910E-04 -3.635300930E-03 
        57 -3.734985134E-03  1.468748815E-04  1.566616228E-04 -3.735074276E-03 
        58 -3.825010033E-03  1.358754671E-04  1.445315329E-04 -3.824581034E-03 
        59 -3.917356022E-03  1.231386996E-04  1.532715145E-04 -3.914510709E-03 
        60 -3.980987240E-03  1.138073203E-04  1.710031183E-04 -4.010975930E-03 
        61 -4.032810684E-03  9.926335770E-05  5.689246147E-05 -4.020525214E-03 
        62 -4.120295867E-03  7.956745685E-05  6.073745610E-05 -4.121556536E-03 
        63 -4.222874530E-03  6.941114407E-05  6.198469455E-05 -4.222944128E-03 
        64 -4.324547015E-03  6.461097655E-05  6.007520483E-05 -4.324261684E-03 
        65 -4.425222520E-03  6.105160719E-05  5.780932662E-05 -4.424947168E-03 
        66 -4.526624922E-03  5.879748642E-05  5.596906824E-05 -4.526306414E-03 
        67 -4.628440365E-03  5.600565419E-05  5.666467444E-05 -4.629023667E-03 
        68 -4.729866516E-03  4.764240293E-05  6.050692886E-05 -4.730923795E-03 
        69 -4.816273693E-03  2.079805563E-05  6.405840120E-05 -4.833593435E-03 
        70 -4.986003973E-03  1.985647483E-03  1.944484711E-03 -5.017463170E-03 
        71 -4.918295890E-03  1.962405164E-03  1.948290908E-03 -4.918495029E-03 
        72 -4.818941932E-03  1.951827086E-03  1.948353827E-03 -4.818912674E-03 
        73 -5.715329200E-03  2.616740676E-05  6.005380669E-05 -5.732217633E-03 
        74 -5.631984677E-03  5.523710206E-05  5.134376603E-05 -5.633311034E-03 
        75 -5.535086151E-03  3.982266571E-05  4.459777306E-05 -5.537449764E-03 
        76 -5.476246122E-03  1.075297041E-05  4.492314267E-05 -5.441885650E-03 
