cellnumber     x-coordinate     y-coordinate     y-coordinate     x-coordinate 
         1 -4.763152916E-03  1.994651509E-03  1.945594745E-03 -4.718454719E-03 
         2 -4.274441861E-03  1.991714817E-03  1.931426409E-03 -4.314333929E-03 
         3 -4.239353817E-03  1.991714817E-03  1.931636683E-03 -4.211520295E-03 
         4 -3.991495352E-03  1.981348963E-03  1.934369578E-03 -4.006508197E-03 
         5 -3.904722864E-03  1.953905215E-03  1.936141286E-03 -3.904823046E-03 
         6 -3.804266918E-03  1.943728188E-03  1.938266303E-03 -3.804586373E-03 
         7 -3.705341602E-03  1.940018847E-03  1.940709876E-03 -3.705521991E-03 
         8 -3.607661463E-03  1.936529647E-03  1.941697752E-03 -3.607061421E-03 
         9 -3.510234179E-03  1.936213695E-03  1.938766576E-03 -3.509147931E-03 
        10 -3.406330710E-03  1.935044769E-03  1.932905906E-03 -3.406640362E-03 
        11 -3.299545730E-03  1.929736463E-03  1.937228295E-03 -3.300266113E-03 
        12 -3.203214146E-03  1.923948410E-03  1.943163964E-03 -3.201366508E-03 
        13 -3.109041834E-03  1.920762588E-03  1.941788315E-03 -3.105180951E-03 
        14 -3.009301377E-03  1.922230585E-03  1.939727861E-03 -3.005310109E-03 
        15 -2.907655668E-03  1.924642944E-03  1.935561470E-03 -2.904892689E-03 
        16 -2.804478398E-03  1.922881696E-03  1.932500257E-03 -2.802616471E-03 
        17 -2.702037338E-03  1.916542416E-03  1.932111083E-03 -2.699786421E-03 
        18 -5.294561852E-04  1.485129818E-03  1.448220003E-03 -5.558165841E-04 
        19 -4.609682946E-04  1.445546397E-03  1.489304343E-03 -4.297481232E-04 
        20 -3.991402627E-04  1.387275755E-03  1.381372799E-03 -4.043495227E-04 
        21 -3.409451165E-04  1.293543377E-03  1.279469457E-03 -3.565849734E-04 
        22 -3.153071448E-04  1.200219500E-03  1.214075332E-03 -2.774100338E-04 
        23 -3.327472368E-04  1.116641331E-03  1.110404986E-03 -3.108089248E-04 
        24 -3.556089650E-04  1.056433422E-03  1.055436330E-03 -4.380076690E-04 
        25 -3.693975741E-04  9.993073763E-04  9.905350441E-04 -3.768931326E-04 
        26 -4.054194724E-04  8.835907211E-04  8.960482012E-04 -3.936397668E-04 
        27 -4.304492322E-04  8.051898330E-04  7.972962877E-04 -3.509932191E-04 
        28 -1.036650618E-03  4.716248659E-04  4.574421966E-04 -1.037019887E-03 
        29 -9.471619269E-04  4.990146845E-04  4.503369846E-04 -9.099846602E-04 
        30 -8.822663222E-04  5.258643068E-04  5.772724204E-04 -9.029988690E-04 
        31 -7.776920684E-04  5.600634031E-04  5.599454831E-04 -7.762837803E-04 
        32 -6.806401070E-04  6.012542290E-04  5.572273361E-04 -6.504857892E-04 
        33 -6.157659809E-04  6.389932241E-04  7.069028036E-04 -6.585072462E-04 
        34 -5.088765756E-04  7.281670696E-04  7.111312742E-04 -5.128033394E-04 
        35 -4.323264584E-04  8.012392209E-04  6.864709850E-04 -3.936247271E-04 
        36 -2.435699804E-03  1.865092927E-04  2.201922154E-04 -2.440115159E-03 
        37 -2.326845424E-03  2.048394817E-04  2.186625499E-04 -2.328098011E-03 
        38 -2.216074849E-03  2.239771420E-04  2.112852275E-04 -2.217161031E-03 
        39 -2.134789946E-03  2.499875845E-04  1.989077107E-04 -2.110429041E-03 
        40 -2.079856815E-03  2.715187147E-04  3.312500706E-04 -2.099126022E-03 
        41 -1.991789090E-03  3.021134180E-04  3.029544401E-04 -1.995195726E-03 
        42 -1.928403392E-03  3.284378326E-04  2.684268258E-04 -1.906429243E-03 
        43 -1.863448764E-03  3.437961568E-04  3.519095714E-04 -1.855315360E-03 
        44 -1.748152310E-03  3.644812678E-04  3.893469520E-04 -1.756236354E-03 
        45 -1.637437614E-03  3.793705837E-04  3.987650529E-04 -1.637128831E-03 
        46 -1.510184957E-03  3.938548034E-04  3.957838067E-04 -1.512344797E-03 
        47 -1.412540791E-03  4.049993877E-04  3.575266357E-04 -1.405965067E-03 
        48 -1.309415326E-03  4.251776263E-04  4.244326933E-04 -1.305797156E-03 
        49 -1.166879665E-03  4.501141084E-04  4.548834980E-04 -1.167276196E-03 
        50 -2.601190936E-03  1.904430566E-03  1.933004749E-03 -2.597631251E-03 
        51 -2.501043491E-03  1.884044847E-03  1.934575948E-03 -2.495273050E-03 
        52 -2.450702013E-03  1.871289918E-03  1.936099255E-03 -2.392953671E-03 
        53 -2.399738645E-03  1.865454251E-03  1.814425294E-03 -2.403696474E-03 
        54 -2.296434250E-03  1.850887551E-03  1.814740996E-03 -2.299235548E-03 
        55 -2.190491883E-03  1.831527217E-03  1.808920785E-03 -2.191616715E-03 
        56 -2.082475228E-03  1.811769442E-03  1.800316934E-03 -2.082469901E-03 
        57 -1.972815022E-03  1.795617747E-03  1.794137860E-03 -1.972503144E-03 
        58 -1.862478792E-03  1.775783603E-03  1.793465804E-03 -1.863882839E-03 
        59 -1.782163046E-03  1.748893643E-03  1.802582779E-03 -1.752611386E-03 
        60 -1.709648292E-03  1.723680180E-03  1.673647406E-03 -1.725666230E-03 
        61 -1.606918988E-03  1.695779734E-03  1.714492021E-03 -1.604933788E-03 
        62 -1.531528193E-03  1.675731502E-03  1.615152290E-03 -1.546052270E-03 
        63 -2.542315051E-03  1.659612753E-04  2.134558165E-04 -2.551091762E-03 
        64 -2.647728892E-03  1.486313122E-04  1.989311877E-04 -2.660682491E-03 
        65 -2.752267756E-03  1.362672047E-04  1.782028234E-04 -2.766268784E-03 
        66 -2.852200763E-03  1.268584019E-04  1.519967680E-04 -2.860687855E-03 
        67 -2.939063357E-03  1.231539063E-04  1.245868552E-04 -2.938612863E-03 
        68 -3.017151030E-03  1.167866139E-04  1.214414492E-04 -3.016459697E-03 
        69 -3.096439876E-03  1.048332415E-04  1.454524803E-04 -3.098442181E-03 
        70 -3.145940369E-03  9.558768215E-05  4.724476742E-05 -3.112842704E-03 
        71 -3.206779715E-03  7.983834803E-05  5.527762229E-05 -3.210920916E-03 
        72 -3.310864093E-03  6.520843453E-05  6.199954715E-05 -3.311930414E-03 
        73 -3.415688640E-03  6.091819523E-05  6.462525821E-05 -3.415662322E-03 
        74 -3.520306665E-03  5.960448834E-05  6.380833434E-05 -3.520089625E-03 
        75 -3.624517238E-03  6.050265802E-05  5.980250934E-05 -3.623612789E-03 
        76 -3.725095652E-03  6.346988084E-05  5.360691041E-05 -3.723738008E-03 
        77 -3.822827013E-03  6.329254393E-05  5.102335929E-05 -3.822366682E-03 
        78 -3.920646850E-03  5.824247637E-05  5.225894635E-05 -3.921222529E-03 
        79 -4.020121414E-03  5.178004358E-05  5.689246147E-05 -4.020525214E-03 
        80 -4.122042097E-03  3.535861106E-05  6.073745610E-05 -4.121556536E-03 
        81 -4.217511974E-03  1.113942108E-05  6.198469455E-05 -4.222944128E-03 
        82 -4.341735039E-03  3.355767149E-06  6.007520483E-05 -4.324261684E-03 
        83 -4.403898958E-03  3.355767149E-06  5.780932662E-05 -4.424947168E-03 
        84 -5.074309185E-03  1.441137283E-05  6.693967668E-05 -5.041680553E-03 
        85 -5.135178566E-03  1.807269837E-05  6.473279037E-05 -5.145436630E-03 
        86 -5.212154705E-03  3.661325309E-06  5.901185833E-05 -5.247603241E-03 
        87 -5.009776447E-03  1.978208078E-03  1.944484711E-03 -5.017463170E-03 
        88 -4.918200895E-03  1.953594619E-03  1.948290908E-03 -4.918495029E-03 
        89 -4.817737732E-03  1.970038051E-03  1.948353827E-03 -4.818912674E-03 
        90 -5.994339008E-04  1.522314851E-03  1.567929060E-03 -5.672376883E-04 
        91 -6.922167959E-04  1.556462725E-03  1.542117418E-03 -6.937938242E-04 
        92 -7.862694911E-04  1.584559679E-03  1.525793439E-03 -8.249774301E-04 
        93 -8.473606431E-04  1.610702137E-03  1.656712271E-03 -8.141139273E-04 
        94 -9.388991166E-04  1.641182927E-03  1.655000201E-03 -9.367739545E-04 
        95 -1.061012852E-03  1.662351540E-03  1.662749056E-03 -1.061101053E-03 
        96 -1.188562484E-03  1.671895036E-03  1.684159892E-03 -1.181330519E-03 
        97 -1.280512894E-03  1.667642384E-03  1.719080360E-03 -1.288943175E-03 
        98 -1.354096807E-03  1.664831769E-03  1.616039874E-03 -1.358988624E-03 
        99 -1.456203987E-03  1.669747173E-03  1.685995259E-03 -1.449680351E-03 
