cellnumber     x-coordinate     y-coordinate     y-coordinate     x-coordinate 
         1 -7.097576745E-03  1.995548373E-03  1.943623210E-03 -7.139969121E-03 
         2 -7.041769102E-03  1.972490922E-03  1.945684832E-03 -7.039325207E-03 
         3 -6.940602791E-03  1.952259452E-03  1.949177057E-03 -6.940937222E-03 
         4 -6.845748518E-03  1.942911185E-03  1.951895744E-03 -6.844616968E-03 
         5 -6.772723049E-03  1.916403533E-03  1.949864175E-03 -6.748831175E-03 
         6 -6.730471738E-03  1.890229760E-03  1.850163092E-03 -6.763989396E-03 
         7 -6.662801374E-03  1.844336861E-03  1.831444433E-03 -6.667983624E-03 
         8 -6.595608313E-03  1.788686845E-03  1.830409732E-03 -6.564453132E-03 
         9 -6.550986785E-03  1.740151318E-03  1.716252156E-03 -6.565658344E-03 
        10 -6.505787838E-03  1.694068080E-03  1.724121253E-03 -6.469780340E-03 
        11 -6.462867837E-03  1.650952036E-03  1.631799268E-03 -6.496343131E-03 
        12 -6.414263509E-03  1.588844461E-03  1.603446990E-03 -6.381970435E-03 
        13 -6.360705011E-03  1.480921521E-03  1.475114228E-03 -6.399243111E-03 
        14 -6.326896604E-03  1.405370072E-03  1.485125637E-03 -6.285096488E-03 
        15 -6.280855276E-03  1.348545891E-03  1.368022723E-03 -6.245072025E-03 
        16 -6.221114192E-03  1.270530862E-03  1.292113620E-03 -6.112939507E-03 
        17 -7.211905438E-03  1.405587955E-05  6.336323276E-05 -7.254607759E-03 
        18 -7.150790654E-03  4.329116928E-05  6.824591689E-05 -7.153025150E-03 
        19 -7.048739120E-03  9.211456927E-05  7.130261585E-05 -7.048670775E-03 
        20 -6.989703979E-03  1.341520547E-04  7.181474448E-05 -6.944535300E-03 
        21 -6.931045558E-03  1.894790330E-04  2.110962255E-04 -6.939299738E-03 
        22 -6.861506961E-03  2.548490593E-04  2.053739688E-04 -6.827119103E-03 
        23 -6.791636348E-03  3.235191107E-04  3.403318317E-04 -6.808069489E-03 
        24 -6.725278217E-03  3.837957047E-04  3.230132284E-04 -6.689247263E-03 
        25 -6.635549013E-03  4.513826862E-04  4.597521879E-04 -6.649444037E-03 
        26 -6.549539976E-03  5.147004849E-04  4.201689543E-04 -6.505897037E-03 
        27 -6.448502652E-03  5.794175086E-04  5.786337122E-04 -6.437058422E-03 
        28 -6.320484914E-03  7.181270630E-04  7.587672534E-04 -6.396100693E-03 
        29 -6.261338480E-03  8.272392442E-04  7.464105249E-04 -6.178823204E-03 
        30 -6.214310881E-03  9.480062872E-04  9.455946914E-04 -6.173689913E-03 
        31 -6.197468378E-03  1.143727102E-03  1.135741255E-03 -6.159382202E-03 
