cellnumber     x-coordinate     y-coordinate     y-coordinate     x-coordinate 
         1 -4.173363559E-03  1.979241613E-03  1.931636683E-03 -4.211520295E-03 
         2 -4.108245485E-03  1.961604226E-03  1.933075753E-03 -4.109019672E-03 
         3 -4.047389142E-03  1.982362708E-03  1.934369578E-03 -4.006508197E-03 
         4 -3.091405146E-03  1.988226315E-03  1.941788315E-03 -3.105180951E-03 
         5 -2.997674048E-03  1.979466528E-03  1.939727861E-03 -3.005310109E-03 
         6 -2.915835939E-03  1.991240308E-03  1.935561470E-03 -2.904892689E-03 
         7  7.106147241E-04  3.013329206E-06  2.376551705E-05  7.244123886E-04 
         8  6.672997260E-04  9.582508937E-06  2.274665324E-05  6.657491188E-04 
         9  6.041025044E-04  1.135046386E-05  2.138182500E-05  6.018984717E-04 
        10  1.854695030E-03  2.201353636E-04  2.249752392E-04  1.868745874E-03 
        11  1.839513890E-03  2.379297512E-04  2.266481103E-04  1.821234054E-03 
        12  1.811601687E-03  2.555157407E-04  2.643540103E-04  1.814250299E-03 
        13  1.713598613E-03  3.536228323E-04  3.637452039E-04  1.739624176E-03 
        14  1.737424405E-03  4.001934722E-04  4.118375167E-04  1.737779301E-03 
        15  1.791855786E-03  4.073023738E-04  4.138385057E-04  1.791122403E-03 
        16  1.835029339E-03  4.184432619E-04  4.077900278E-04  1.844233139E-03 
        17  1.864360995E-03  4.399093450E-04  4.511102458E-04  1.849586075E-03 
        18  1.891965745E-03  4.546839918E-04  4.389789263E-04  1.904599363E-03 
        19  1.921740244E-03  4.688094195E-04  4.751523556E-04  1.912171206E-03 
        20  1.945453929E-03  4.664836451E-04  4.823417090E-04  1.960243117E-03 
        21  1.967675984E-03  4.398896708E-04  4.296108049E-04  1.958012396E-03 
        22  2.005525166E-03  4.270135250E-04  4.315956231E-04  2.004274617E-03 
        23  2.053804696E-03  4.302551388E-04  4.363398736E-04  2.053019977E-03 
        24  2.097093035E-03  4.340961459E-04  4.265809957E-04  2.101761760E-03 
        25  2.121688565E-03  4.373595584E-04  4.581083354E-04  2.106227612E-03 
        26  2.139127580E-03  4.495322937E-04  4.354983894E-04  2.147072077E-03 
        27  2.155148191E-03  4.636861559E-04  4.923889213E-04  2.151452060E-03 
        28  2.176721347E-03  4.841694608E-04  4.792569587E-04  2.178396332E-03 
        29  2.213321859E-03  5.156889092E-04  5.211355136E-04  2.206125792E-03 
        30  2.244282514E-03  5.604190519E-04  5.666132943E-04  2.227791747E-03 
        31  2.257180633E-03  5.923647550E-04  5.557096872E-04  2.269367267E-03 
        32  1.941754832E-03  4.099357466E-05  2.936931078E-05  1.958600325E-03 
        33  1.971725374E-03  6.913045945E-05  8.091219465E-05  1.957743481E-03 
        34  2.017678693E-03  9.072796820E-05  9.041714092E-05  2.019015436E-03 
        35  2.088184701E-03  9.014904208E-05  9.321694742E-05  2.087244387E-03 
        36  2.140835859E-03  6.957988808E-05  8.927237462E-05  2.158173226E-03 
        37  2.170306863E-03  2.928239155E-05  2.897047908E-05  2.166466837E-03 
        38  2.235851949E-03  6.820244016E-04  6.667615617E-04  2.222508414E-03 
        39  2.229653066E-03  7.063592784E-04  7.151286315E-04  2.239451992E-03 
        40 -1.006829087E-03  7.926728722E-05  6.636507486E-05 -1.005326591E-03 
        41 -9.017897537E-04  7.749172073E-05  6.680606303E-05 -9.013910211E-04 
        42 -7.969504222E-04  7.591856411E-05  6.575810028E-05 -7.972552363E-04 
        43 -6.926969509E-04  7.374706911E-05  6.355081433E-05 -6.935649223E-04 
        44 -5.889643217E-04  7.267887850E-05  6.038485763E-05 -5.907983585E-04 
        45 -4.843885836E-04  7.503935922E-05  5.539476994E-05 -4.882335345E-04 
        46 -3.930341045E-04  8.536273526E-05  4.835427240E-05 -3.882786737E-04 
        47 -3.426869225E-04  9.378954564E-05  1.461014197E-04 -3.694341506E-04 
        48 -2.804958203E-04  9.971992404E-05  1.281231806E-04 -2.752816664E-04 
        49 -1.840226323E-04  1.211195413E-04  1.108253011E-04 -1.840752402E-04 
        50 -1.343134354E-04  1.375975116E-04  1.824621522E-04 -1.631405136E-04 
        51 -9.308418521E-05  1.478977356E-04  1.562393313E-04 -8.961924719E-05 
        52 -4.426933447E-05  1.646405581E-04  1.429506679E-04 -2.640014050E-05 
        53 -1.183942368E-05  1.789941743E-04  1.926155920E-04 -1.566857720E-05 
        54  4.044455272E-05  1.958444191E-04  1.880186171E-04  3.887628747E-05 
        55  7.519809878E-05  2.067985042E-04  2.417783347E-04  4.495860527E-05 
        56  8.314221486E-05  2.087467874E-04  2.489255570E-04  9.405898740E-05 
        57  1.032508808E-04  2.860561108E-05  2.794200578E-05  1.007808420E-04 
        58  2.395900083E-04  1.834757277E-04  1.930118503E-04  2.622026838E-04 
        59  2.653559204E-04  1.403094939E-04  1.408289672E-04  2.717250439E-04 
        60  2.866438008E-04  9.798825340E-05  8.822211316E-05  2.654353734E-04 
        61  3.064118500E-04  7.004902727E-05  8.110587978E-05  3.211743461E-04 
        62  3.338015522E-04  4.286304829E-05  2.775908311E-05  3.200411847E-04 
        63  3.778087848E-04  1.870176311E-05  2.357188179E-05  3.768744278E-04 
        64  4.252065846E-04  4.013233138E-06  1.961275604E-05  4.300925550E-04 
        65  2.022091066E-04  2.879922067E-05  2.931386421E-05  2.067113238E-04 
        66  5.503126886E-04  4.781284133E-06  1.926840855E-05  5.412139952E-04 
        67 -2.296132734E-03  1.708343552E-05  7.311501499E-05 -2.316820890E-03 
        68 -2.211212879E-03  4.666716268E-05  7.043852328E-05 -2.213196658E-03 
        69 -2.110096160E-03  6.151152775E-05  6.674919455E-05 -2.110809722E-03 
        70 -2.008790849E-03  6.787952589E-05  6.249115734E-05 -2.009269490E-03 
        71 -1.909843646E-03  7.758361608E-05  5.855735120E-05 -1.909155614E-03 
        72 -1.812112168E-03  9.075634443E-05  5.673498202E-05 -1.809930395E-03 
        73 -1.713460078E-03  1.011200075E-04  5.515330775E-05 -1.709579807E-03 
        74 -1.613638015E-03  1.048523118E-04  5.457516422E-05 -1.609092055E-03 
        75 -1.514978008E-03  1.068111524E-04  5.383556151E-05 -1.509067679E-03 
        76 -1.417953754E-03  1.080810398E-04  5.490773208E-05 -1.410009075E-03 
        77 -1.318134950E-03  1.033276130E-04  5.715688499E-05 -1.310405891E-03 
        78 -1.215457218E-03  9.227586270E-05  6.005970237E-05 -1.209844188E-03 
        79 -1.111647231E-03  8.329885895E-05  6.361088174E-05 -1.108407631E-03 
        80 -2.542907139E-03  1.996700419E-03  1.933004749E-03 -2.597631251E-03 
        81 -2.490522806E-03  1.971114194E-03  1.934575948E-03 -2.495273050E-03 
        82 -2.391583286E-03  1.947015175E-03  1.936099255E-03 -2.392953671E-03 
        83 -2.289031399E-03  1.944277203E-03  1.936053435E-03 -2.289587949E-03 
        84 -2.185384510E-03  1.942580682E-03  1.934468811E-03 -2.185353151E-03 
        85 -2.081571845E-03  1.940786839E-03  1.932282097E-03 -2.081243068E-03 
        86 -1.977891661E-03  1.938698930E-03  1.931099759E-03 -1.977459928E-03 
        87 -1.874439302E-03  1.936346409E-03  1.931720263E-03 -1.874312453E-03 
        88 -1.770546078E-03  1.933645108E-03  1.935050064E-03 -1.771475459E-03 
        89 -1.667382661E-03  1.927712350E-03  1.942464568E-03 -1.670585838E-03 
        90  1.864116639E-03  9.169338737E-04  8.975857868E-04  1.857781324E-03 
        91  1.857867232E-03  9.264486143E-04  9.408219774E-04  1.838824946E-03 
        92  1.828738372E-03  1.445141388E-03  1.458946259E-03  1.808596001E-03 
        93  1.829832559E-03  1.429874566E-03  1.408633721E-03  1.805100119E-03 
        94  1.851801877E-03  1.402484835E-03  1.393045398E-03  1.847366747E-03 
        95  1.879925374E-03  1.370925223E-03  1.377934128E-03  1.894362010E-03 
        96  1.907896250E-03  1.347084413E-03  1.335760989E-03  1.891637732E-03 
        97  1.933013089E-03  1.349314814E-03  1.345086805E-03  1.947925945E-03 
        98  1.942269155E-03  1.380815404E-03  1.381869335E-03  1.946409453E-03 
        99  1.732889796E-03  1.565443818E-03  1.582595273E-03  1.734875914E-03 
       100  1.781202620E-03  1.561716897E-03  1.579008411E-03  1.780569429E-03 
       101  1.814295538E-03  1.583144069E-03  1.560884347E-03  1.827830160E-03 
       102  1.820011996E-03  1.596908318E-03  1.615014651E-03  1.856528149E-03 
       103  1.799067366E-03  1.632649335E-03  1.641236910E-03  1.805098654E-03 
       104  1.765528345E-03  1.687900512E-03  1.674905581E-03  1.747979358E-03 
       105  1.758223865E-03  1.732274191E-03  1.719651303E-03  1.773429624E-03 
       106  1.917179092E-03  1.273954240E-05  2.101065743E-05  1.906211827E-03 
       107  1.866170205E-03  1.038529626E-05  9.587620784E-06  1.856382647E-03 
       108  1.710889628E-03  3.704874252E-04  3.673699769E-04  1.686578676E-03 
       109  1.709840610E-03  3.898735449E-04  4.025631072E-04  1.678642407E-03 
       110 -2.762172604E-03  1.942246115E-07  5.825507198E-05 -2.727486420E-03 
       111 -2.816199092E-03  1.085727490E-05  4.912679422E-05 -2.825656849E-03 
       112 -2.918810816E-03  2.588078860E-05  4.152960011E-05 -2.921255581E-03 
       113 -3.015900962E-03  3.288400330E-05  4.077177812E-05 -3.017093035E-03 
       114 -3.112341743E-03  3.824062514E-05  4.724476742E-05 -3.112842704E-03 
       115 -3.212779295E-03  3.063842451E-05  5.527762229E-05 -3.210920916E-03 
       116 -3.273831448E-03  1.006406728E-05  6.199954715E-05 -3.311930414E-03 
       117 -4.462549929E-03  1.857665666E-05  5.780932662E-05 -4.424947168E-03 
       118 -4.522973206E-03  1.857665666E-05  5.596906824E-05 -4.526306414E-03 
       119  1.388342120E-03  1.636843779E-03  1.634375832E-03  1.387002411E-03 
       120  1.432827441E-03  1.616129884E-03  1.608469635E-03  1.426755265E-03 
       121  1.469729119E-03  1.590244588E-03  1.571148631E-03  1.458417888E-03 
       122  1.485365094E-03  1.594428089E-03  1.589262523E-03  1.498076881E-03 
       123  1.309967483E-03  1.793802367E-03  1.805745326E-03  1.280817148E-03 
       124  1.339543029E-03  1.804643543E-03  1.813306485E-03  1.337936873E-03 
       125  1.383421361E-03  1.801146078E-03  1.810099402E-03  1.382461143E-03 
       126  1.414608676E-03  1.793800388E-03  1.813666166E-03  1.410868630E-03 
       127  1.429860131E-03  1.794347772E-03  1.766326056E-03  1.433835196E-03 
       128  1.509291120E-03  1.636406058E-03  1.638747362E-03  1.507103921E-03 
       129  1.539506367E-03  1.663825358E-03  1.679332608E-03  1.519103754E-03 
       130  1.572328969E-03  1.681148075E-03  1.679761024E-03  1.569925101E-03 
       131  1.613316475E-03  1.681262162E-03  1.685627301E-03  1.617964135E-03 
       132  1.660175389E-03  1.779773040E-03  1.782199968E-03  1.660432579E-03 
       133  1.705207163E-03  1.775035169E-03  1.782133242E-03  1.704231979E-03 
       134  1.743676490E-03  1.763991662E-03  1.774727542E-03  1.742742310E-03 
       135  1.762610278E-03  1.756049693E-03  1.775305427E-03  1.776653791E-03 
       136  1.763355453E-03  1.753974706E-03  1.745803435E-03  1.787931124E-03 
       137  1.992438221E-03  1.592681161E-03  1.591250291E-03  2.008106913E-03 
       138  2.015432809E-03  1.615362591E-03  1.614549645E-03  1.995319904E-03 
       139  2.027533948E-03  1.638740534E-03  1.643250047E-03  2.019691707E-03 
       140  2.057912527E-03  1.642674906E-03  1.645020803E-03  2.057695175E-03 
       141  2.089815214E-03  1.623299904E-03  1.637651436E-03  2.120974613E-03 
       142  2.101941733E-03  1.595549751E-03  1.594385786E-03  2.113121066E-03 
       143  2.098592697E-03  1.568921376E-03  1.555563887E-03  2.105372782E-03 
       144  2.068221336E-03  1.560851233E-03  1.551537216E-03  2.070480344E-03 
       145  2.026196104E-03  1.555977389E-03  1.555178835E-03  2.026855781E-03 
       146  2.433714224E-03  1.536753960E-03  1.542011125E-03  2.424626754E-03 
       147  2.437010640E-03  1.582530094E-03  1.584188107E-03  2.428147507E-03 
       148  2.425150946E-03  1.611943590E-03  1.616002404E-03  2.435220083E-03 
       149  2.271072473E-03  1.815267489E-03  1.811524261E-03  2.267541019E-03 
       150  2.267682226E-03  1.828342094E-03  1.829445302E-03  2.281740216E-03 
       151  2.256528940E-03  1.835183008E-03  1.823114904E-03  2.238084112E-03 
       152  2.236609114E-03  1.839351375E-03  1.862002734E-03  2.245510248E-03 
       153  2.473322675E-03  1.386637217E-03  1.379946721E-03  2.471568347E-03 
       154  2.215552144E-03  1.947916462E-03  1.946676450E-03  2.214724454E-03 
       155  2.225975040E-03  1.966320444E-03  1.980171155E-03  2.200067059E-03 
       156  2.230938524E-03  1.987596741E-03  1.976347358E-03  2.250814214E-03 
       157  2.476582304E-03  9.655203321E-04  1.003605849E-03  2.467907693E-03 
       158  2.443286357E-03  9.558251477E-04  9.186405087E-04  2.467038520E-03 
       159  2.406069776E-03  9.307069122E-04  9.061622691E-04  2.410611837E-03 
       160  2.357535530E-03  8.931619814E-04  8.885825418E-04  2.360262536E-03 
       161  2.318017883E-03  8.656588616E-04  8.833630418E-04  2.316458271E-03 
       162  2.298663603E-03  8.548264159E-04  8.428438263E-04  2.316124380E-03 
       163  2.280031564E-03  8.301720372E-04  8.267072934E-04  2.282355148E-03 
       164  2.253306797E-03  8.009956218E-04  8.180843276E-04  2.234743549E-03 
       165  2.236339496E-03  7.881688070E-04  7.663370685E-04  2.249834094E-03 
       166  4.652606440E-04  1.975041814E-03  1.974844604E-03  4.631898431E-04 
       167  4.219415132E-04  1.941264840E-03  1.926672699E-03  4.543770204E-04 
       168  4.001526977E-04  1.908588107E-03  1.912972231E-03  3.935666735E-04 
       169  3.756696242E-04  1.866361010E-03  1.859741076E-03  3.878779436E-04 
       170  1.837457967E-04  1.835669624E-03  1.827176184E-03  1.726120209E-04 
       171  1.444915833E-04  1.857159426E-03  1.877753079E-03  1.572261929E-04 
       172  1.019509291E-04  1.879168791E-03  1.869255230E-03  1.027193741E-04 
       173  6.738172669E-05  1.893318607E-03  1.922587147E-03  9.292035272E-05 
       174  2.496122943E-05  1.908489270E-03  1.913217268E-03  2.418366512E-05 
       175 -4.732866728E-05  1.927331439E-03  1.901941876E-03 -5.184226983E-05 
       176 -9.094702546E-05  1.936843735E-03  1.967698909E-03 -6.296029824E-05 
       177 -1.506775006E-04  1.947948942E-03  1.961727822E-03 -1.543619787E-04 
       178 -2.522280265E-04  1.954938751E-03  1.952891398E-03 -2.536683967E-04 
       179 -3.570866829E-04  1.954236533E-03  1.944888835E-03 -3.576104262E-04 
       180 -4.616676597E-04  1.954351552E-03  1.937868019E-03 -4.625970964E-04 
       181 -5.657951115E-04  1.956612105E-03  1.933420872E-03 -5.677151537E-04 
       182 -6.692780880E-04  1.955274027E-03  1.931035804E-03 -6.720340127E-04 
       183 -7.731065270E-04  1.950134058E-03  1.929621388E-03 -7.762373276E-04 
       184 -8.775175666E-04  1.945617958E-03  1.929185365E-03 -8.805429480E-04 
       185 -9.823325090E-04  1.942528877E-03  1.931300447E-03 -9.845805923E-04 
       186 -1.088015619E-03  1.938747242E-03  1.936006340E-03 -1.087852054E-03 
       187 -1.194588142E-03  1.929226215E-03  1.943793790E-03 -1.188405186E-03 
       188 -1.278302749E-03  1.912987325E-03  1.951891793E-03 -1.285628838E-03 
       189 -1.329428400E-03  1.902414602E-03  1.852236959E-03 -1.322700402E-03 
       190 -1.393124461E-03  1.900476753E-03  1.874523444E-03 -1.398003815E-03 
       191 -1.477181213E-03  1.902179443E-03  1.874830866E-03 -1.474881274E-03 
       192 -1.532538095E-03  1.904816949E-03  1.850798777E-03 -1.553051966E-03 
       193 -1.581607386E-03  1.914177439E-03  1.951318214E-03 -1.572415930E-03 
