cellnumber     x-coordinate     y-coordinate     y-coordinate     x-coordinate 
         1 -4.066078924E-03  1.986351097E-03  1.933075753E-03 -4.109019672E-03 
         2 -4.006230272E-03  1.969255507E-03  1.934369578E-03 -4.006508197E-03 
         3 -3.944483120E-03  1.982904505E-03  1.936141286E-03 -3.904823046E-03 
         4 -2.851512283E-03  1.998428255E-03  1.935561470E-03 -2.904892689E-03 
         5 -2.796373330E-03  1.998428255E-03  1.932500257E-03 -2.802616471E-03 
         6  7.041096105E-04  1.094655772E-06  2.376551705E-05  7.244123886E-04 
         7  6.675603800E-04  7.567830380E-06  2.274665324E-05  6.657491188E-04 
         8  6.041934248E-04  1.101778162E-05  2.138182500E-05  6.018984717E-04 
         9  2.302733483E-03  2.710925037E-05  2.543826441E-05  2.298809444E-03 
        10  2.281657420E-03  5.928907558E-05  6.421325349E-05  2.312346827E-03 
        11  2.267598175E-03  7.353616820E-05  1.009002678E-04  2.269504929E-03 
        12  2.239868743E-03  1.035206587E-04  8.900181543E-05  2.222977803E-03 
        13  2.228192985E-03  1.636061352E-04  1.614343448E-04  2.207420284E-03 
        14  2.225241624E-03  2.299057523E-04  2.263530406E-04  2.196375581E-03 
        15  2.222149167E-03  2.618030121E-04  2.718000809E-04  2.199040909E-03 
        16  2.250404097E-03  2.745751699E-04  2.744122654E-04  2.248537651E-03 
        17  2.278269501E-03  2.879361855E-04  3.128599891E-04  2.272489471E-03 
        18  2.308359370E-03  3.125882940E-04  2.993758897E-04  2.318535620E-03 
        19  2.331943251E-03  3.437544219E-04  3.457278335E-04  2.348621878E-03 
        20  2.384491498E-03  4.468500847E-04  4.358183084E-04  2.389704606E-03 
        21  2.402310725E-03  4.565693962E-04  4.612386868E-04  2.398496022E-03 
        22  2.426075283E-03  4.627022427E-04  4.404200250E-04  2.432817981E-03 
        23  2.448150422E-03  4.697333497E-04  4.916197099E-04  2.436088877E-03 
        24  2.478292678E-03  4.779805313E-04  4.832002055E-04  2.479166716E-03 
        25  2.480495023E-03  6.123370840E-04  6.001120732E-04  2.481107966E-03 
        26  2.459672745E-03  6.178063340E-04  5.961515552E-04  2.434790317E-03 
        27  2.443173667E-03  6.258341600E-04  6.492226082E-04  2.446194591E-03 
        28  1.789314905E-03  5.012440961E-04  4.843803518E-04  1.767064534E-03 
        29  1.792994910E-03  5.105026066E-04  5.352986275E-04  1.787036873E-03 
        30  1.803786843E-03  5.046184524E-04  5.138274224E-04  1.819273723E-03 
        31  1.800106955E-03  4.953599419E-04  4.654353708E-04  1.801073935E-03 
        32 -1.006697305E-03  7.768923388E-05  6.636507486E-05 -1.005326591E-03 
        33 -9.016748518E-04  7.438434113E-05  6.680606303E-05 -9.013910211E-04 
        34 -7.970129373E-04  7.127322897E-05  6.575810028E-05 -7.972552363E-04 
        35 -6.930475356E-04  6.774639769E-05  6.355081433E-05 -6.935649223E-04 
        36 -5.897636293E-04  6.475804548E-05  6.038485763E-05 -5.907983585E-04 
        37 -4.861537309E-04  6.323878188E-05  5.539476994E-05 -4.882335345E-04 
        38 -3.845857282E-04  6.565322110E-05  4.835427240E-05 -3.882786737E-04 
        39 -3.068611259E-04  7.626998558E-05  4.217445575E-05 -2.899144977E-04 
        40 -2.563517482E-04  8.578229608E-05  1.281231806E-04 -2.752816664E-04 
        41 -1.862461068E-04  9.446707554E-05  1.108253011E-04 -1.840752402E-04 
        42 -1.109864388E-04  1.135049897E-04  9.693807319E-05 -1.022720959E-04 
        43 -7.208435272E-05  1.283064630E-04  1.562393313E-04 -8.961924719E-05 
        44 -2.729038351E-05  1.485911052E-04  1.429506679E-04 -2.640014050E-05 
        45  6.718335044E-06  1.666381286E-04  1.372427601E-04  2.941064111E-05 
        46  4.124508996E-05  1.817010780E-04  1.880186171E-04  3.887628747E-05 
        47  1.030838248E-04  2.861586108E-05  2.794200578E-05  1.007808420E-04 
        48  2.576249244E-04  1.275893010E-04  1.408289672E-04  2.717250439E-04 
        49  2.802095842E-04  9.384972509E-05  8.822211316E-05  2.654353734E-04 
        50  3.021401062E-04  6.551630213E-05  8.110587978E-05  3.211743461E-04 
        51  3.298363008E-04  4.173258276E-05  2.775908311E-05  3.200411847E-04 
        52  3.778671380E-04  1.628769314E-05  2.357188179E-05  3.768744278E-04 
        53  4.223067081E-04  3.384779802E-06  1.961275604E-05  4.300925550E-04 
        54  2.024849236E-04  2.887649680E-05  2.931386421E-05  2.067113238E-04 
        55  5.523269065E-04  4.544607691E-06  1.926840855E-05  5.412139952E-04 
        56 -2.158878138E-03  4.274019432E-07  7.043852328E-05 -2.213196658E-03 
        57 -2.108613029E-03  2.599915206E-05  6.674919455E-05 -2.110809722E-03 
        58 -2.008445561E-03  5.438142762E-05  6.249115734E-05 -2.009269490E-03 
        59 -1.908946084E-03  5.936377056E-05  5.855735120E-05 -1.909155614E-03 
        60 -1.810177579E-03  6.443331222E-05  5.673498202E-05 -1.809930395E-03 
        61 -1.710826531E-03  7.065300451E-05  5.515330775E-05 -1.709579807E-03 
        62 -1.611015643E-03  7.663432916E-05  5.457516422E-05 -1.609092055E-03 
        63 -1.512412331E-03  8.322551002E-05  5.383556151E-05 -1.509067679E-03 
        64 -1.415455830E-03  9.044783656E-05  5.490773208E-05 -1.410009075E-03 
        65 -1.316618756E-03  9.382644203E-05  5.715688499E-05 -1.310405891E-03 
        66 -1.214989112E-03  8.937882376E-05  6.005970237E-05 -1.209844188E-03 
        67 -1.111524645E-03  8.242089825E-05  6.361088174E-05 -1.108407631E-03 
        68 -2.348737326E-03  1.990064979E-03  1.936099255E-03 -2.392953671E-03 
        69 -2.287110547E-03  1.964765135E-03  1.936053435E-03 -2.289587949E-03 
        70 -2.185178455E-03  1.948384568E-03  1.934468811E-03 -2.185353151E-03 
        71 -2.081623534E-03  1.946330885E-03  1.932282097E-03 -2.081243068E-03 
        72 -1.978171291E-03  1.944396412E-03  1.931099759E-03 -1.977459928E-03 
        73 -1.874939189E-03  1.942462404E-03  1.931720263E-03 -1.874312453E-03 
        74 -1.771360752E-03  1.940504415E-03  1.935050064E-03 -1.771475459E-03 
        75 -1.668605022E-03  1.936845598E-03  1.942464568E-03 -1.670585838E-03 
        76  1.761837630E-03  8.304627845E-04  8.115262549E-04  1.772892234E-03 
        77  1.759487670E-03  8.388206479E-04  8.595011999E-04  1.761496361E-03 
        78  1.762394910E-03  1.735056285E-03  1.719651303E-03  1.773429624E-03 
        79  1.617890783E-03  4.204075085E-04  3.989504723E-04  1.635943163E-03 
        80  1.615717076E-03  4.242997384E-04  4.409151578E-04  1.619891975E-03 
        81  1.438323758E-03  4.283358285E-04  4.177920331E-04  1.417499052E-03 
        82  1.459120424E-03  4.572354082E-04  4.666277231E-04  1.452042847E-03 
        83  1.492550247E-03  4.744516918E-04  4.881572612E-04  1.504355344E-03 
        84  1.496673678E-03  1.183475906E-04  9.659987960E-05  1.457926661E-03 
        85  1.473892829E-03  1.567062864E-04  1.550347433E-04  1.467299926E-03 
        86  1.485809917E-03  1.982903195E-04  2.085884591E-04  1.483636853E-03 
        87  1.523897634E-03  1.923491945E-04  2.005083215E-04  1.536766356E-03 
        88  1.533502829E-03  1.479620987E-04  1.460479947E-04  1.540643245E-03 
        89  1.518196077E-03  1.155445352E-04  8.827208810E-05  1.542645135E-03 
        90 -2.818946028E-03  1.192980108E-05  4.912679422E-05 -2.825656849E-03 
        91 -2.919485094E-03  2.991499241E-05  4.152960011E-05 -2.921255581E-03 
        92 -3.016123781E-03  3.799135084E-05  4.077177812E-05 -3.017093035E-03 
        93 -3.102388466E-03  2.000616041E-05  4.724476742E-05 -3.112842704E-03 
        94 -4.360086750E-03  2.088650399E-05  6.007520483E-05 -4.324261684E-03 
        95 -4.404888954E-03  2.088650399E-05  5.780932662E-05 -4.424947168E-03 
        96  1.001326833E-03  1.990310615E-03  1.967796512E-03  9.859944441E-04 
        97  1.074477448E-03  1.976747299E-03  1.967889592E-03  1.075421463E-03 
        98  1.168140676E-03  1.976755913E-03  1.969581686E-03  1.167806069E-03 
        99  1.254864037E-03  1.979270484E-03  1.971598349E-03  1.254225396E-03 
       100  1.329001039E-03  1.969201490E-03  1.974293303E-03  1.329568134E-03 
       101  1.392989885E-03  1.955839572E-03  1.974436451E-03  1.399548220E-03 
       102  1.431038487E-03  1.950684353E-03  1.927677695E-03  1.391665935E-03 
       103  1.439369400E-03  1.950036734E-03  1.915664079E-03  1.434807790E-03 
       104  1.468922361E-03  1.937387628E-03  1.940247493E-03  1.479767767E-03 
       105  1.525768545E-03  1.978968969E-03  1.979290681E-03  1.525055689E-03 
       106  1.550668036E-03  1.950356411E-03  1.942136120E-03  1.535649528E-03 
       107  1.568329521E-03  1.927921665E-03  1.931519505E-03  1.584772875E-03 
       108  1.588069135E-03  1.728507574E-03  1.712561603E-03  1.569663486E-03 
       109  1.613633707E-03  1.734209829E-03  1.724050047E-03  1.617561812E-03 
       110  1.663511852E-03  1.740216976E-03  1.727118653E-03  1.667279858E-03 
       111  1.715879655E-03  1.733923564E-03  1.730930592E-03  1.714327700E-03 
       112  1.743982313E-03  1.728337957E-03  1.745547993E-03  1.743784054E-03 
       113  1.658821246E-03  1.781831030E-03  1.782199968E-03  1.660432579E-03 
       114  1.689484227E-03  1.796423574E-03  1.782133242E-03  1.704231979E-03 
       115  1.715176040E-03  1.812055008E-03  1.823944263E-03  1.705748553E-03 
       116  1.748001203E-03  1.819399651E-03  1.806662425E-03  1.750959794E-03 
       117  1.777909230E-03  1.815202064E-03  1.838402497E-03  1.774485517E-03 
       118  1.791648567E-03  1.799400779E-03  1.788546473E-03  1.813100957E-03 
       119  1.786491834E-03  1.772115589E-03  1.775305427E-03  1.776653791E-03 
       120  1.780381543E-03  1.750329044E-03  1.745803435E-03  1.787931124E-03 
       121  2.279651351E-03  1.505086431E-03  1.515653272E-03  2.271471998E-03 
       122  2.252254402E-03  1.472864067E-03  1.476109714E-03  2.240038836E-03 
       123  2.238717396E-03  1.438559266E-03  1.445593373E-03  2.231478300E-03 
       124  2.430799184E-03  1.542666578E-03  1.542011125E-03  2.424626754E-03 
       125  2.452370012E-03  1.562283258E-03  1.584188107E-03  2.428147507E-03 
       126  2.477660077E-03  1.569582266E-03  1.581630475E-03  2.480464950E-03 
       127  2.265422139E-03  1.337070949E-03  1.308258536E-03  2.260534084E-03 
       128  2.298375359E-03  1.353669679E-03  1.311649622E-03  2.315264781E-03 
       129  2.477814909E-03  1.455362421E-03  1.430629914E-03  2.478038126E-03 
       130  2.491469029E-03  1.709879842E-03  1.679062906E-03  2.481335120E-03 
       131  2.472670283E-03  1.712594181E-03  1.738623951E-03  2.479550766E-03 
       132  2.446432831E-03  1.714318991E-03  1.718517235E-03  2.445875227E-03 
       133  2.340046689E-03  1.818903489E-03  1.819129066E-03  2.323892695E-03 
       134  2.350076335E-03  1.837811316E-03  1.807632129E-03  2.377974769E-03 
       135  2.363117645E-03  1.877938979E-03  1.872925413E-03  2.383585236E-03 
       136  2.375160577E-03  1.958412351E-03  1.957931955E-03  2.375987579E-03 
       137  2.484022174E-03  7.282933220E-04  7.129285593E-04  2.483448182E-03 
       138  2.452235203E-03  7.155153435E-04  7.278509213E-04  2.442101369E-03 
       139  2.427899279E-03  6.998408353E-04  6.928805253E-04  2.434189136E-03 
       140  4.590046592E-04  1.974790823E-03  1.974844604E-03  4.631898431E-04 
       141  4.197189410E-04  1.942169620E-03  1.926672699E-03  4.543770204E-04 
       142  3.979149624E-04  1.909671701E-03  1.912972231E-03  3.935666735E-04 
       143  3.761461412E-04  1.872974099E-03  1.859741076E-03  3.878779436E-04 
       144  1.844368235E-04  1.839662320E-03  1.827176184E-03  1.726120209E-04 
       145  1.470817369E-04  1.862843405E-03  1.877753079E-03  1.572261929E-04 
       146  1.114838524E-04  1.886282349E-03  1.869255230E-03  1.027193741E-04 
       147  7.669949264E-05  1.902989228E-03  1.922587147E-03  9.292035272E-05 
       148  2.299994958E-05  1.920313574E-03  1.913217268E-03  2.418366512E-05 
       149 -3.053410910E-05  1.933422638E-03  1.901941876E-03 -5.184226983E-05 
       150 -7.427540550E-05  1.946062548E-03  1.967698909E-03 -6.296029824E-05 
       151 -1.534725307E-04  1.963757444E-03  1.961727822E-03 -1.543619787E-04 
       152 -2.561407164E-04  1.982896356E-03  1.952891398E-03 -2.536683967E-04 
       153 -3.351846244E-04  1.997300424E-03  1.944888835E-03 -3.576104262E-04 
       154 -5.679490278E-04  1.998310676E-03  1.933420872E-03 -5.677151537E-04 
       155 -6.652681623E-04  1.992977224E-03  1.931035804E-03 -6.720340127E-04 
       156 -7.678762195E-04  1.985754818E-03  1.929621388E-03 -7.762373276E-04 
       157 -8.714321302E-04  1.977521461E-03  1.929185365E-03 -8.805429480E-04 
       158 -9.766971925E-04  1.966132550E-03  1.931300447E-03 -9.845805923E-04 
       159 -1.083380426E-03  1.954399515E-03  1.936006340E-03 -1.087852054E-03 
       160 -1.189440722E-03  1.944510848E-03  1.943793790E-03 -1.188405186E-03 
       161 -1.293168403E-03  1.929183141E-03  1.951891793E-03 -1.285628838E-03 
       162 -1.361870207E-03  1.915445086E-03  1.957393609E-03 -1.381319101E-03 
       163 -1.407533186E-03  1.911302912E-03  1.874523444E-03 -1.398003815E-03 
       164 -1.464696485E-03  1.911300584E-03  1.874830866E-03 -1.474881274E-03 
       165 -1.506904839E-03  1.914739725E-03  1.958062631E-03 -1.476694717E-03 
       166 -1.568970969E-03  1.925723278E-03  1.951318214E-03 -1.572415930E-03 
