cellnumber     x-coordinate     y-coordinate     y-coordinate     x-coordinate 
         1 -4.493947607E-03  1.980200643E-03  1.936762355E-03 -4.517952941E-03 
         2 -4.414622672E-03  1.959997695E-03  1.933136697E-03 -4.416522146E-03 
         3 -4.351544660E-03  1.979796914E-03  1.931426409E-03 -4.314333929E-03 
         4 -3.600740805E-03  1.985826995E-03  1.941697752E-03 -3.607061421E-03 
         5 -3.503332613E-03  1.977556618E-03  1.938766576E-03 -3.509147931E-03 
         6 -3.416359657E-03  1.991729718E-03  1.932905906E-03 -3.406640362E-03 
         7 -3.284858540E-03  1.989139710E-03  1.937228295E-03 -3.300266113E-03 
         8 -3.199924948E-03  1.967038726E-03  1.943163964E-03 -3.201366508E-03 
         9 -3.103246447E-03  1.953172265E-03  1.941788315E-03 -3.105180951E-03 
        10 -3.004234983E-03  1.947452198E-03  1.939727861E-03 -3.005310109E-03 
        11 -2.903880784E-03  1.943067531E-03  1.935561470E-03 -2.904892689E-03 
        12 -2.801414113E-03  1.940448186E-03  1.932500257E-03 -2.802616471E-03 
        13 -2.698929980E-03  1.937729190E-03  1.932111083E-03 -2.699786421E-03 
        14  6.020010915E-04  2.267363925E-05  2.138182500E-05  6.018984717E-04 
        15  6.373424549E-04  3.984764771E-05  2.274665324E-05  6.657491188E-04 
        16  6.599412300E-04  7.353411638E-05  7.129422395E-05  6.603231174E-04 
        17  6.634307210E-04  1.227409666E-04  1.145189721E-04  6.470180370E-04 
        18  6.348604220E-04  1.622140699E-04  1.589834018E-04  6.298936868E-04 
        19  6.137870369E-04  1.860549237E-04  1.972736704E-04  6.158441061E-04 
        20  5.940928822E-04  2.009389573E-04  1.972502765E-04  5.942934095E-04 
        21  5.726752570E-04  2.561572473E-04  2.495200019E-04  5.755313845E-04 
        22  5.770749995E-04  2.816012420E-04  2.776752092E-04  5.399334225E-04 
        23  5.687707453E-04  3.064090852E-04  3.077622525E-04  5.581903462E-04 
        24  5.569320056E-04  3.466147464E-04  3.549482646E-04  5.750792825E-04 
        25  5.369844730E-04  3.644248354E-04  3.617393311E-04  5.362010279E-04 
        26  5.436641513E-04  4.042930668E-04  4.215757674E-04  5.450723902E-04 
        27  5.684095086E-04  3.887756902E-04  4.176910185E-04  5.869746587E-04 
        28  5.867390428E-04  3.683262621E-04  3.549482646E-04  5.750792825E-04 
        29  6.230167346E-04  3.430396318E-04  3.496382691E-04  6.233797427E-04 
        30  6.662434898E-04  3.287362342E-04  3.477028440E-04  6.676251844E-04 
        31  7.146474090E-04  3.247781424E-04  3.464793231E-04  7.145720477E-04 
        32  7.664613659E-04  3.346148587E-04  3.444353139E-04  7.667758536E-04 
        33  7.987353601E-04  3.593949659E-04  3.421346326E-04  8.224861647E-04 
        34  7.960725343E-04  3.943685151E-04  3.943128693E-04  8.082469379E-04 
        35  7.806926151E-04  4.172274494E-04  4.395637281E-04  7.912099289E-04 
        36  7.626830484E-04  4.418405006E-04  4.389912674E-04  7.534740577E-04 
        37  7.329969667E-04  4.924283130E-04  4.933995936E-04  7.402546233E-04 
        38  7.133966428E-04  5.292311544E-04  5.465311757E-04  7.329796500E-04 
        39  6.909010699E-04  5.683546769E-04  5.608851357E-04  6.883630481E-04 
        40  6.703577237E-04  6.044270121E-04  5.697136367E-04  6.468117754E-04 
        41  6.572977290E-04  6.323054549E-04  6.281775836E-04  6.427421625E-04 
        42  6.336022634E-04  6.832088693E-04  6.822575325E-04  6.410872359E-04 
        43  6.200516364E-04  7.112181047E-04  6.830956923E-04  5.914529663E-04 
        44  6.104448694E-04  7.328198990E-04  7.332054687E-04  5.950388508E-04 
        45  6.113957497E-04  7.581509417E-04  7.754474491E-04  5.993853572E-04 
        46  6.546355435E-04  7.757892599E-04  7.762830920E-04  6.575655831E-04 
        47 -1.013494213E-03  1.460883941E-04  1.977556957E-04 -1.019009077E-03 
        48 -9.045845945E-04  1.387086522E-04  1.984103759E-04 -9.069970064E-04 
        49 -8.346880204E-04  1.324237091E-04  1.938604447E-04 -7.950795716E-04 
        50 -7.809041417E-04  1.226850145E-04  6.575810028E-05 -7.972552363E-04 
        51 -6.910982192E-04  1.049879065E-04  6.355081433E-05 -6.935649223E-04 
        52 -5.876394571E-04  8.796332258E-05  6.038485763E-05 -5.907983585E-04 
        53 -4.846313386E-04  7.475136226E-05  5.539476994E-05 -4.882335345E-04 
        54 -3.845967585E-04  6.478341675E-05  4.835427240E-05 -3.882786737E-04 
        55 -2.870959579E-04  5.702854833E-05  4.217445575E-05 -2.899144977E-04 
        56 -1.917248883E-04  5.145068644E-05  3.676977502E-05 -1.935137109E-04 
        57 -1.049605635E-04  4.825771612E-05  3.307254836E-05 -1.052198301E-04 
        58 -4.184422141E-05  5.405472257E-05  3.067821061E-05 -2.973995391E-05 
        59 -8.497626368E-06  6.267735444E-05  8.900635807E-05 -3.160334126E-05 
        60  3.884741454E-05  7.462030044E-05  8.707509544E-05  3.682231778E-05 
        61  2.684425854E-04  9.061729361E-05  8.822211316E-05  2.654353734E-04 
        62  3.101133625E-04  6.615621533E-05  8.110587978E-05  3.211743461E-04 
        63  3.375707020E-04  4.546052514E-05  2.775908311E-05  3.200411847E-04 
        64  3.776793601E-04  2.521828719E-05  2.357188179E-05  3.768744278E-04 
        65  4.328424984E-04  9.568527275E-06  1.961275604E-05  4.300925550E-04 
        66  4.876964085E-04  3.318049266E-06  1.937761130E-05  4.826194126E-04 
        67  5.443085101E-04  5.990547834E-06  1.926840855E-05  5.412139952E-04 
        68 -2.419605386E-03  6.558861787E-05  7.332680564E-05 -2.420594786E-03 
        69 -2.316034166E-03  6.761875557E-05  7.311501499E-05 -2.316820890E-03 
        70 -2.212780295E-03  7.027209358E-05  7.043852328E-05 -2.213196658E-03 
        71 -2.110561356E-03  7.411996194E-05  6.674919455E-05 -2.110809722E-03 
        72 -2.009130083E-03  8.111290663E-05  6.249115734E-05 -2.009269490E-03 
        73 -1.910481718E-03  9.174960724E-05  5.855735120E-05 -1.909155614E-03 
        74 -1.813232899E-03  1.046190446E-04  5.673498202E-05 -1.809930395E-03 
        75 -1.763944048E-03  1.114357365E-04  1.639647349E-04 -1.816655033E-03 
        76 -1.714440063E-03  1.122944159E-04  1.637208916E-04 -1.719440979E-03 
        77 -1.614635577E-03  1.149321470E-04  1.642989390E-04 -1.619670736E-03 
        78 -1.516637276E-03  1.219224941E-04  1.628884477E-04 -1.521335975E-03 
        79 -1.422095927E-03  1.353421540E-04  1.617335276E-04 -1.426165312E-03 
        80 -1.326656668E-03  1.480820501E-04  1.668645453E-04 -1.329549773E-03 
        81 -1.226556953E-03  1.526961860E-04  1.792718652E-04 -1.230890175E-03 
        82 -1.121633803E-03  1.508536807E-04  1.909506707E-04 -1.127491208E-03 
        83 -2.597150626E-03  1.934993779E-03  1.933004749E-03 -2.597631251E-03 
        84 -2.495300025E-03  1.932560466E-03  1.934575948E-03 -2.495273050E-03 
        85 -2.393358387E-03  1.930410974E-03  1.936099255E-03 -2.392953671E-03 
        86 -2.290195553E-03  1.929822844E-03  1.936053435E-03 -2.289587949E-03 
        87 -2.185815712E-03  1.931147883E-03  1.934468811E-03 -2.185353151E-03 
        88 -2.081510145E-03  1.931959763E-03  1.932282097E-03 -2.081243068E-03 
        89 -1.977523090E-03  1.931041246E-03  1.931099759E-03 -1.977459928E-03 
        90 -1.873736735E-03  1.927872305E-03  1.931720263E-03 -1.874312453E-03 
        91 -1.768931630E-03  1.920525916E-03  1.935050064E-03 -1.771475459E-03 
        92 -1.676038257E-03  1.902444987E-03  1.942464568E-03 -1.670585838E-03 
        93 -1.623307238E-03  1.888406230E-03  1.825174706E-03 -1.645199728E-03 
        94 -2.523201751E-03  6.419599958E-05  7.110491468E-05 -2.524064784E-03 
        95 -2.627112437E-03  6.402307918E-05  6.600393607E-05 -2.626677037E-03 
        96 -2.731296001E-03  6.703090185E-05  5.825507198E-05 -2.727486420E-03 
        97 -2.835127525E-03  7.873735740E-05  4.912679422E-05 -2.825656849E-03 
        98 -2.891689539E-03  8.838580106E-05  4.152960011E-05 -2.921255581E-03 
        99 -2.935776021E-03  8.767053077E-05  1.245868552E-04 -2.938612863E-03 
       100 -2.994291717E-03  8.482520207E-05  1.214414492E-04 -3.016459697E-03 
       101 -3.037691582E-03  7.664634177E-05  4.077177812E-05 -3.017093035E-03 
       102 -3.110679798E-03  6.208416744E-05  4.724476742E-05 -3.112842704E-03 
       103 -3.211727599E-03  3.933830885E-05  5.527762229E-05 -3.210920916E-03 
       104 -3.290649503E-03  1.228203291E-05  6.199954715E-05 -3.311930414E-03 
       105 -3.631351748E-03  7.190896213E-06  5.980250934E-05 -3.623612789E-03 
       106 -3.721392481E-03  1.209615584E-05  5.360691041E-05 -3.723738008E-03 
       107 -3.777989652E-03  4.905259175E-06  5.102335929E-05 -3.822366682E-03 
       108 -4.676202778E-03  4.454559075E-06  5.666467444E-05 -4.629023667E-03 
       109 -4.729565233E-03  3.023646968E-05  6.050692886E-05 -4.730923795E-03 
       110 -4.807099700E-03  2.578191197E-05  6.405840120E-05 -4.833593435E-03 
       111  9.616624448E-04  1.496204524E-03  1.493449805E-03  9.745681507E-04 
       112  9.602073114E-04  1.450400567E-03  1.440361230E-03  9.847191717E-04 
       113  1.022329205E-03  1.273528789E-03  1.268265307E-03  1.022445009E-03 
       114  1.044011442E-03  1.252167742E-03  1.271083210E-03  1.057467975E-03 
       115  1.045724377E-03  1.217274228E-03  1.217998075E-03  1.054496542E-03 
       116  1.035866677E-03  1.186216599E-03  1.171536470E-03  1.046408633E-03 
       117  7.446976961E-04  1.881971373E-03  1.869922935E-03  7.469520074E-04 
       118  7.818511804E-04  1.863369602E-03  1.871891671E-03  7.893351986E-04 
       119  8.094355580E-04  1.846051076E-03  1.833572987E-03  7.927785901E-04 
       120  8.470328758E-04  1.838981989E-03  1.826779189E-03  8.449609314E-04 
       121  8.783409721E-04  1.834697207E-03  1.803956762E-03  8.983934531E-04 
       122  9.016073891E-04  1.852431335E-03  1.846867949E-03  9.118974599E-04 
       123  9.003516752E-04  1.900217729E-03  1.906070019E-03  9.149439262E-04 
       124  8.706043009E-04  1.935020904E-03  1.912714690E-03  8.478213595E-04 
       125  8.410303271E-04  1.970065990E-03  1.970124395E-03  8.346080369E-04 
       126  8.932102355E-04  1.758230967E-03  1.769655783E-03  8.801101301E-04 
       127  9.118496091E-04  1.770766103E-03  1.735593166E-03  9.253498886E-04 
       128  9.503043839E-04  1.772986259E-03  1.770578184E-03  9.526611596E-04 
       129  9.954932611E-04  1.776241115E-03  1.820171026E-03  9.838060608E-04 
       130  1.037392300E-03  1.788087655E-03  1.761767092E-03  1.051098779E-03 
       131  1.083365991E-03  1.823650789E-03  1.809861486E-03  1.115217514E-03 
       132  1.094776671E-03  1.892024768E-03  1.890758872E-03  1.085454211E-03 
       133  1.088937512E-03  1.967819873E-03  1.967889592E-03  1.075421463E-03 
       134  8.973813383E-04  1.602932229E-03  1.609955679E-03  8.984794815E-04 
       135  9.152724524E-04  1.582000754E-03  1.597111230E-03  9.336756457E-04 
       136  9.315801435E-04  1.555757830E-03  1.554479229E-03  9.269980969E-04 
       137  9.489154909E-04  1.529832371E-03  1.547151731E-03  9.788248170E-04 
       138  6.934666308E-04  8.003906696E-04  7.824056080E-04  7.128637998E-04 
       139  7.037467440E-04  8.352909354E-04  8.350108100E-04  7.033587421E-04 
       140  7.164732087E-04  8.838411304E-04  8.864683703E-04  6.982069707E-04 
       141  7.279725396E-04  9.143325151E-04  8.914279475E-04  7.434923700E-04 
       142  7.492241566E-04  9.391212952E-04  9.405104472E-04  7.547865118E-04 
       143  7.683336735E-04  9.735130006E-04  9.762805455E-04  7.553779575E-04 
       144  9.220000939E-04  1.091800630E-03  1.091390956E-03  9.203198078E-04 
       145  9.565185755E-04  1.108279335E-03  1.088960274E-03  9.654633057E-04 
       146  9.856733959E-04  1.131445169E-03  1.133522838E-03  9.841753675E-04 
       147  1.018907409E-03  1.164028887E-03  1.173867840E-03  9.987014936E-04 
       148  4.739323049E-04  8.905231371E-04  9.062009124E-04  5.044511231E-04 
       149  4.707598418E-04  8.856931818E-04  8.575651773E-04  4.776334070E-04 
       150  5.636994611E-04  1.916494686E-03  1.934264185E-03  5.425544003E-04 
       151  5.239243037E-04  1.905225450E-03  1.891815863E-03  5.192735584E-04 
       152  4.704828025E-04  1.884195255E-03  1.888194974E-03  4.650015219E-04 
       153  4.284714523E-04  1.863992424E-03  1.854365445E-03  4.333726697E-04 
       154  3.960340982E-04  1.844522892E-03  1.859741076E-03  3.878779436E-04 
       155  3.641660442E-04  1.817311510E-03  1.815530276E-03  3.660791114E-04 
       156  3.320423421E-04  1.793338219E-03  1.778576375E-03  3.562106028E-04 
       157  2.933769720E-04  1.782010077E-03  1.775497366E-03  2.941201200E-04 
       158  2.417107753E-04  1.783942338E-03  1.779225650E-03  2.401065689E-04 
       159  1.820319303E-04  1.790655544E-03  1.780499494E-03  1.843295540E-04 
       160  1.313861576E-04  1.793007832E-03  1.772320070E-03  1.239196254E-04 
       161  1.025123493E-04  1.798504265E-03  1.817677128E-03  1.132435071E-04 
       162  5.643423356E-05  1.805775450E-03  1.805967332E-03  5.749661979E-05 
       163  9.938070434E-06  1.808876754E-03  1.781158464E-03  4.654104666E-06 
       164 -3.168489638E-05  1.816300326E-03  1.837239083E-03 -2.807587275E-05 
       165 -1.083467941E-04  1.819645986E-03  1.799108044E-03 -1.026290357E-04 
       166 -2.210402308E-04  1.802810351E-03  1.763005685E-03 -2.091987439E-04 
       167 -3.408017801E-04  1.777330879E-03  1.737121202E-03 -3.367557281E-04 
       168 -4.565541167E-04  1.757576480E-03  1.710177380E-03 -4.540709880E-04 
       169 -5.308013642E-04  1.750753494E-03  1.685899961E-03 -5.732873532E-04 
       170 -5.882850382E-04  1.757803606E-03  1.806583953E-03 -5.736423995E-04 
       171 -6.863040617E-04  1.774979173E-03  1.796639734E-03 -6.854871096E-04 
       172 -7.962912205E-04  1.791591872E-03  1.790760351E-03 -7.968246720E-04 
       173 -9.059858858E-04  1.804798958E-03  1.790070130E-03 -9.093602063E-04 
       174 -1.014678390E-03  1.819040859E-03  1.796283957E-03 -1.021157300E-03 
       175 -1.122221351E-03  1.834031660E-03  1.809803006E-03 -1.130717216E-03 
       176 -1.225853455E-03  1.849006629E-03  1.829368103E-03 -1.233805673E-03 
       177 -1.320573851E-03  1.859509735E-03  1.852236959E-03 -1.322700402E-03 
       178 -1.397122047E-03  1.852934016E-03  1.874523444E-03 -1.398003815E-03 
       179 -1.437617233E-03  1.844008570E-03  1.805742876E-03 -1.440477852E-03 
       180 -1.478512655E-03  1.859433600E-03  1.874830866E-03 -1.474881274E-03 
       181 -1.560600940E-03  1.880836440E-03  1.850798777E-03 -1.553051966E-03 
