cellnumber     x-coordinate     y-coordinate     y-coordinate     x-coordinate 
         1 -4.742365330E-03  1.766177709E-03  1.733014863E-03 -4.751042280E-03 
         2 -4.645884968E-03  1.745256945E-03  1.699540036E-03 -4.656901390E-03 
         3 -4.546303302E-03  1.708994736E-03  1.673160894E-03 -4.552765745E-03 
         4 -4.443524871E-03  1.646963879E-03  1.657996434E-03 -4.444046329E-03 
         5 -4.381145816E-03  1.596809248E-03  1.654899741E-03 -4.330955500E-03 
         6 -4.320996348E-03  1.542001613E-03  1.515828401E-03 -4.334144791E-03 
         7 -4.250723403E-03  1.475694822E-03  1.523675039E-03 -4.213560722E-03 
         8 -4.190532956E-03  1.395374071E-03  1.389921326E-03 -4.202633216E-03 
         9 -4.118910525E-03  1.266677282E-03  1.237755181E-03 -4.164642978E-03 
        10 -4.065849818E-03  1.116525964E-03  1.109987737E-03 -4.054213653E-03 
        11 -4.073244985E-03  9.346602019E-04  9.497439511E-04 -4.099234124E-03 
        12 -4.138169345E-03  7.887355750E-04  7.503230097E-04 -4.092622937E-03 
        13 -4.237201530E-03  6.978282472E-04  7.439251975E-04 -4.254512371E-03 
        14 -4.302856047E-03  6.483208272E-04  7.053471190E-04 -4.362237739E-03 
        15 -4.360874183E-03  5.859391531E-04  5.684697442E-04 -4.358232503E-03 
        16 -4.478276707E-03  4.865370283E-04  5.608407806E-04 -4.500182448E-03 
        17 -4.551565740E-03  4.353746190E-04  4.007218101E-04 -4.470482238E-03 
        18 -4.574028309E-03  4.227996687E-04  3.463146793E-04 -4.574368077E-03 
        19 -4.659564234E-03  3.871989902E-04  4.125673128E-04 -4.687068236E-03 
        20 -4.755996168E-03  3.407374024E-04  2.909377611E-04 -4.723329979E-03 
        21 -4.836912733E-03  3.027698549E-04  3.161734948E-04 -4.837980414E-03 
        22 -4.914027639E-03  2.690016408E-04  3.308147011E-04 -4.955415403E-03 
        23 -4.968964495E-03  2.366921108E-04  1.975887156E-04 -4.949121145E-03 
        24 -5.060323048E-03  1.977745851E-04  1.990133198E-04 -5.060702592E-03 
        25 -5.168410484E-03  1.691669459E-04  1.933696831E-04 -5.173974200E-03 
        26 -5.272463430E-03  1.416128507E-04  1.793242986E-04 -5.284524684E-03 
        27 -6.290899124E-03  1.995086437E-03  1.941039642E-03 -6.343202304E-03 
        28 -6.234942470E-03  1.992667560E-03  1.942084476E-03 -6.241432963E-03 
        29 -6.133627612E-03  1.990375109E-03  1.944167968E-03 -6.138718099E-03 
        30 -6.033649202E-03  1.972298604E-03  1.948080179E-03 -6.036384771E-03 
        31 -5.937277339E-03  1.954936888E-03  1.952643376E-03 -5.937578608E-03 
        32 -5.841454957E-03  1.949609257E-03  1.950483939E-03 -5.840505752E-03 
        33 -5.742316600E-03  1.946727978E-03  1.944291145E-03 -5.741907226E-03 
        34 -5.639872514E-03  1.944476389E-03  1.936661234E-03 -5.640823781E-03 
        35 -5.535165779E-03  1.943103271E-03  1.932288155E-03 -5.536746068E-03 
        36 -5.430442747E-03  1.941169612E-03  1.930799866E-03 -5.431590773E-03 
        37 -5.325466860E-03  1.937112422E-03  1.931409215E-03 -5.326042501E-03 
        38 -5.220411345E-03  1.921324525E-03  1.934327000E-03 -5.221331158E-03 
        39 -5.145621952E-03  1.893093227E-03  1.938990709E-03 -5.118253907E-03 
        40 -5.090733059E-03  1.867903396E-03  1.821575003E-03 -5.106552133E-03 
        41 -5.008117296E-03  1.841967227E-03  1.838856195E-03 -5.007557313E-03 
        42 -4.938080907E-03  1.814147807E-03  1.850246914E-03 -4.917136210E-03 
        43 -4.895670805E-03  1.795900636E-03  1.761993131E-03 -4.909665027E-03 
        44 -4.831475671E-03  1.781203086E-03  1.762901337E-03 -4.832205758E-03 
        45 -6.516805850E-03  1.603170313E-05  4.872757658E-05 -6.545017618E-03 
        46 -6.445145700E-03  2.597676939E-05  4.874166777E-05 -6.448031453E-03 
        47 -6.342596840E-03  1.015299495E-05  5.285901885E-05 -6.349655635E-03 
        48 -6.289057899E-03  2.079283803E-07  5.797063282E-05 -6.249329998E-03 
        49 -5.910640117E-03  7.105474651E-06  6.868406450E-05 -5.938978828E-03 
        50 -5.834998097E-03  3.140094123E-05  6.710090730E-05 -5.834726738E-03 
        51 -5.731294397E-03  5.647496801E-05  6.005380669E-05 -5.732217633E-03 
        52 -5.630826112E-03  7.940946671E-05  5.134376603E-05 -5.633311034E-03 
        53 -5.580865312E-03  9.496261191E-05  4.459777306E-05 -5.537449764E-03 
        54 -5.538564641E-03  1.018082185E-04  1.324680752E-04 -5.537501702E-03 
        55 -5.455819424E-03  1.116883868E-04  1.328127564E-04 -5.458590871E-03 
        56 -5.368770100E-03  1.217677636E-04  1.568761817E-04 -5.380775277E-03 
