cellnumber     x-coordinate     y-coordinate     y-coordinate     x-coordinate 
         1 -4.293352365E-03  1.971630845E-03  1.931426409E-03 -4.314333929E-03 
         2 -4.222429823E-03  1.971630845E-03  1.931636683E-03 -4.211520295E-03 
         3 -3.284159349E-03  1.991583034E-03  1.937228295E-03 -3.300266113E-03 
         4 -3.196740057E-03  1.988378121E-03  1.943163964E-03 -3.201366508E-03 
         5 -3.116785316E-03  1.996794948E-03  1.941788315E-03 -3.105180951E-03 
         6 -2.861162648E-03  1.997864805E-03  1.935561470E-03 -2.904892689E-03 
         7 -2.793886000E-03  1.982013229E-03  1.932500257E-03 -2.802616471E-03 
         8 -2.695856849E-03  1.958074514E-03  1.932111083E-03 -2.699786421E-03 
         9 -1.007559244E-03  8.775903552E-05  6.636507486E-05 -1.005326591E-03 
        10 -9.024041356E-04  9.496556595E-05  6.680606303E-05 -9.013910211E-04 
        11 -7.964011747E-04  1.083219686E-04  6.575810028E-05 -7.972552363E-04 
        12 -7.106893463E-04  1.209785187E-04  6.355081433E-05 -6.935649223E-04 
        13 -6.576282321E-04  1.263488521E-04  1.869981581E-04 -6.853314307E-04 
        14 -5.835345364E-04  1.263637096E-04  1.774708527E-04 -5.775250902E-04 
        15 -4.770430969E-04  1.228611800E-04  1.637269837E-04 -4.703043525E-04 
        16 -3.749516618E-04  1.180027830E-04  1.461014197E-04 -3.694341506E-04 
        17 -2.766425896E-04  1.166273796E-04  1.281231806E-04 -2.752816664E-04 
        18 -1.857213792E-04  1.279605494E-04  1.108253011E-04 -1.840752402E-04 
        19 -1.370433456E-04  1.392122795E-04  1.824621522E-04 -1.631405136E-04 
        20 -9.336826770E-05  1.454940211E-04  1.562393313E-04 -8.961924719E-05 
        21 -3.664652104E-05  1.605383877E-04  1.429506679E-04 -2.640014050E-05 
        22 -4.281482234E-06  1.736226986E-04  1.926155920E-04 -1.566857720E-05 
        23  3.615841706E-05  1.921538933E-04  1.880186171E-04  3.887628747E-05 
        24  7.102001109E-05  2.109079360E-04  2.417783347E-04  4.495860527E-05 
        25  8.562783478E-05  2.141295990E-04  2.489255570E-04  9.405898740E-05 
        26  2.977199256E-05  1.313055836E-04  1.372427601E-04  2.941064111E-05 
        27 -6.271910706E-07  1.174032004E-04  1.429506679E-04 -2.640014050E-05 
        28 -1.115035502E-06  1.023532823E-04  8.900635807E-05 -3.160334126E-05 
        29  7.870583431E-06  7.687244215E-05  8.707509544E-05  3.682231778E-05 
        30  4.448969412E-05  4.171067849E-05  3.393898202E-05  4.248468120E-05 
        31  8.343314403E-05  1.105729916E-05  2.794200578E-05  1.007808420E-04 
        32  2.133974194E-04  1.919609349E-05  2.931386421E-05  2.067113238E-04 
        33  2.604482288E-04  3.195157842E-05  3.429371706E-05  2.597225743E-04 
        34  3.208488924E-04  2.241489346E-05  2.775908311E-05  3.200411847E-04 
        35  3.779127437E-04  1.733138015E-05  2.357188179E-05  3.768744278E-04 
        36  4.171607725E-04  7.671971616E-06  1.961275604E-05  4.300925550E-04 
        37 -2.418261953E-03  5.657286601E-05  7.332680564E-05 -2.420594786E-03 
        38 -2.315436723E-03  6.176147144E-05  7.311501499E-05 -2.316820890E-03 
        39 -2.212482970E-03  6.525187928E-05  7.043852328E-05 -2.213196658E-03 
        40 -2.110354602E-03  6.838855916E-05  6.674919455E-05 -2.110809722E-03 
        41 -2.008930547E-03  7.315836410E-05  6.249115734E-05 -2.009269490E-03 
        42 -1.909867977E-03  7.937254850E-05  5.855735120E-05 -1.909155614E-03 
        43 -1.811750932E-03  8.609751239E-05  5.673498202E-05 -1.809930395E-03 
        44 -1.712525729E-03  9.049662185E-05  5.515330775E-05 -1.709579807E-03 
        45 -1.612491556E-03  9.250328731E-05  5.457516422E-05 -1.609092055E-03 
        46 -1.513801399E-03  9.597057215E-05  5.383556151E-05 -1.509067679E-03 
        47 -1.416938030E-03  1.008239706E-04  5.490773208E-05 -1.410009075E-03 
        48 -1.317780232E-03  1.010833730E-04  5.715688499E-05 -1.310405891E-03 
        49 -1.215716940E-03  9.393838991E-05  6.005970237E-05 -1.209844188E-03 
        50 -1.112210564E-03  8.747934771E-05  6.361088174E-05 -1.108407631E-03 
        51 -2.595827449E-03  1.944816438E-03  1.933004749E-03 -2.597631251E-03 
        52 -2.494413173E-03  1.939902199E-03  1.934575948E-03 -2.495273050E-03 
        53 -2.392793307E-03  1.935630688E-03  1.936099255E-03 -2.392953671E-03 
        54 -2.289977623E-03  1.932176063E-03  1.936053435E-03 -2.289587949E-03 
        55 -2.185796155E-03  1.931255567E-03  1.934468811E-03 -2.185353151E-03 
        56 -2.081510844E-03  1.931564067E-03  1.932282097E-03 -2.081243068E-03 
        57 -1.977570355E-03  1.931710634E-03  1.931099759E-03 -1.977459928E-03 
        58 -1.874041627E-03  1.931278035E-03  1.931720263E-03 -1.874312453E-03 
        59 -1.770131057E-03  1.930006896E-03  1.935050064E-03 -1.771475459E-03 
        60 -1.666933182E-03  1.924364944E-03  1.942464568E-03 -1.670585838E-03 
        61  1.713861828E-03  6.456001429E-04  6.472700325E-04  1.721951326E-03 
        62  1.687954995E-03  6.766331499E-04  6.843585779E-04  1.701905226E-03 
        63  1.669366146E-03  6.906774943E-04  6.878065763E-04  1.650503515E-03 
        64  1.648082631E-03  1.326835132E-03  1.343450136E-03  1.648054619E-03 
        65  1.683478476E-03  1.306024613E-03  1.325694933E-03  1.692892936E-03 
        66  1.714018290E-03  1.279880642E-03  1.307938579E-03  1.731419644E-03 
        67  1.740220585E-03  1.269198023E-03  1.249664952E-03  1.719713153E-03 
        68  1.754435361E-03  1.267560874E-03  1.240994224E-03  1.767888128E-03 
        69  1.780628110E-03  1.297289156E-03  1.298527496E-03  1.780120331E-03 
        70  1.796812750E-03  1.352115534E-03  1.353462195E-03  1.792665244E-03 
        71  1.784961903E-03  1.392076025E-03  1.408633721E-03  1.805100119E-03 
        72  1.755284728E-03  1.421869383E-03  1.419526770E-03  1.755039452E-03 
        73  1.715675811E-03  1.451388234E-03  1.435136105E-03  1.698019180E-03 
        74  1.685985248E-03  1.474505058E-03  1.480189413E-03  1.708152833E-03 
        75  1.585280057E-03  1.244455598E-05  2.940408889E-05  1.547688228E-03 
        76  1.598147908E-03  3.967994780E-05  2.709459480E-05  1.626272040E-03 
        77  1.609622850E-03  8.458382217E-05  8.232009822E-05  1.618532343E-03 
        78  1.614238834E-03  1.489165879E-04  1.477254946E-04  1.603839243E-03 
        79  1.602471923E-03  2.048621391E-04  2.011833350E-04  1.588752915E-03 
        80  1.578787225E-03  2.482964483E-04  2.535272153E-04  1.582084601E-03 
        81  1.564389444E-03  2.784247336E-04  2.556878611E-04  1.543023861E-03 
        82  1.583895297E-03  4.610828182E-04  4.409151578E-04  1.619891975E-03 
        83  1.584607642E-03  4.623281129E-04  4.606470648E-04  1.607833739E-03 
        84  1.589363557E-03  4.669879272E-04  4.694127814E-04  1.570889464E-03 
        85  1.593236695E-03  4.733098613E-04  4.880986154E-04  1.558085760E-03 
        86  1.097290660E-03  7.318796706E-04  7.126853218E-04  1.110469354E-03 
        87  1.092557330E-03  7.455819286E-04  7.624601683E-04  1.099526786E-03 
        88 -2.520662732E-03  5.110985876E-05  7.110491468E-05 -2.524064784E-03 
        89 -2.623440465E-03  4.872637146E-05  6.600393607E-05 -2.626677037E-03 
        90 -2.726109466E-03  4.859090041E-05  5.825507198E-05 -2.727486420E-03 
        91 -2.826524433E-03  4.724114478E-05  4.912679422E-05 -2.825656849E-03 
        92 -2.922958927E-03  4.559153967E-05  4.152960011E-05 -2.921255581E-03 
        93 -3.016900737E-03  3.848701454E-05  4.077177812E-05 -3.017093035E-03 
        94 -3.107081866E-03  1.591125874E-05  4.724476742E-05 -3.112842704E-03 
        95 -4.570560995E-03  1.047567548E-05  5.596906824E-05 -4.526306414E-03 
        96 -4.627974704E-03  2.583683090E-05  5.666467444E-05 -4.629023667E-03 
        97 -4.689879715E-03  1.536115451E-05  6.050692886E-05 -4.730923795E-03 
        98  1.353990985E-03  1.585837686E-03  1.585662596E-03  1.351178768E-03 
        99  1.385443727E-03  1.550975256E-03  1.561072749E-03  1.396691022E-03 
       100  1.400339184E-03  1.530318987E-03  1.512890758E-03  1.380880745E-03 
       101  1.420849003E-03  1.513749943E-03  1.503808583E-03  1.418157778E-03 
       102  1.451416523E-03  1.497366233E-03  1.508124257E-03  1.449609407E-03 
       103  1.467237133E-03  1.492536045E-03  1.468011635E-03  1.455797878E-03 
       104  1.486400724E-03  1.488052192E-03  1.476445373E-03  1.488435351E-03 
       105  1.526282285E-03  1.479702885E-03  1.489643393E-03  1.528490113E-03 
       106  1.557067269E-03  1.473548240E-03  1.445421973E-03  1.542832394E-03 
       107  1.573471120E-03  1.474181074E-03  1.444243197E-03  1.588813441E-03 
       108  1.550072455E-03  1.288181054E-03  1.310434929E-03  1.546587867E-03 
       109  1.502688159E-03  1.271707355E-03  1.269417146E-03  1.501712701E-03 
       110  1.442026347E-03  1.253396156E-03  1.243020665E-03  1.446008448E-03 
       111  1.401589485E-03  1.225558459E-03  1.226714348E-03  1.383561841E-03 
       112  1.399820787E-03  1.183417044E-03  1.179844508E-03  1.378007570E-03 
       113  1.388391829E-03  1.124460599E-03  1.123461694E-03  1.364545082E-03 
       114  1.354158740E-03  1.056421199E-03  1.057404434E-03  1.341463747E-03 
       115  1.323585398E-03  1.003207988E-03  1.001679044E-03  1.328833830E-03 
       116  1.303154626E-03  9.720501839E-04  9.663869700E-04  1.322441845E-03 
       117  1.291710185E-03  9.571088012E-04  9.597548373E-04  1.265463167E-03 
       118  1.612622757E-03  1.319051604E-03  1.337127498E-03  1.594421472E-03 
       119  1.405118848E-03  7.981372764E-04  8.035241983E-04  1.410189929E-03 
       120  1.418870757E-03  7.757327403E-04  7.692746142E-04  1.406008360E-03 
       121  1.443788409E-03  7.626873557E-04  7.479396203E-04  1.440154487E-03 
       122  1.470767893E-03  7.588488515E-04  7.291330388E-04  1.493864260E-03 
       123  1.501446590E-03  7.722532609E-04  7.768405052E-04  1.498019377E-03 
       124  1.540703466E-03  7.842495106E-04  7.642027613E-04  1.548872513E-03 
       125  1.556662726E-03  7.864498184E-04  8.118632155E-04  1.540134296E-03 
       126  1.171066193E-03  1.758884173E-03  1.748211226E-03  1.154960487E-03 
       127  1.160956919E-03  1.796946395E-03  1.809861486E-03  1.115217514E-03 
       128  1.200286788E-03  1.825357671E-03  1.838381267E-03  1.193961290E-03 
       129  1.271891990E-03  1.836711075E-03  1.856961563E-03  1.267478446E-03 
       130  1.313581713E-03  1.835487899E-03  1.867500230E-03  1.331326106E-03 
       131  1.339796348E-03  1.831305097E-03  1.813306485E-03  1.337936873E-03 
       132  1.377032022E-03  1.827578759E-03  1.810099402E-03  1.382461143E-03 
       133  1.398616354E-03  1.835284871E-03  1.813666166E-03  1.410868630E-03 
       134  1.412337879E-03  1.849452965E-03  1.868211398E-03  1.409581679E-03 
       135  1.558162621E-03  1.926718629E-03  1.942136120E-03  1.535649528E-03 
       136  1.582874800E-03  1.920200419E-03  1.931519505E-03  1.584772875E-03 
       137  1.621275675E-03  1.902563032E-03  1.923318898E-03  1.639927620E-03 
       138  1.624380006E-03  1.890914864E-03  1.876924252E-03  1.647737271E-03 
       139  1.777876518E-03  1.973910257E-03  1.974164245E-03  1.781061730E-03 
       140  1.786230830E-03  1.918148133E-03  1.918706403E-03  1.794287453E-03 
       141  1.808437635E-03  1.858122880E-03  1.863749889E-03  1.819154601E-03 
       142  1.819598139E-03  1.822970458E-03  1.808934494E-03  1.852611585E-03 
       143  1.805380685E-03  1.798356650E-03  1.788546473E-03  1.813100957E-03 
       144  1.775981160E-03  1.774410601E-03  1.775305427E-03  1.776653791E-03 
       145  1.742795925E-03  1.770741888E-03  1.774727542E-03  1.742742310E-03 
       146  1.705637551E-03  1.772012911E-03  1.782133242E-03  1.704231979E-03 
       147  1.660500071E-03  1.776039833E-03  1.782199968E-03  1.660432579E-03 
       148  8.321817149E-04  7.758634165E-04  7.643983956E-04  8.484458427E-04 
       149  8.184065809E-04  7.814409328E-04  7.746051053E-04  8.065859887E-04 
       150  5.150921643E-04  1.986461226E-03  1.972141317E-03  5.472809736E-04 
       151  4.893777659E-04  1.964135328E-03  1.974844604E-03  4.631898431E-04 
       152  4.454827285E-04  1.930379425E-03  1.926672699E-03  4.543770204E-04 
       153  4.109361616E-04  1.895371359E-03  1.912972231E-03  3.935666735E-04 
       154  3.932449035E-04  1.859856769E-03  1.859741076E-03  3.878779436E-04 
       155  3.610543208E-04  1.817539218E-03  1.815530276E-03  3.660791114E-04 
       156  3.314993228E-04  1.793262316E-03  1.778576375E-03  3.562106028E-04 
       157  2.935683588E-04  1.784938155E-03  1.775497366E-03  2.941201200E-04 
       158  2.421740646E-04  1.792356255E-03  1.779225650E-03  2.401065689E-04 
       159  1.966242708E-04  1.803443884E-03  1.780499494E-03  1.843295540E-04 
       160  1.589839376E-04  1.809948124E-03  1.827176184E-03  1.726120209E-04 
       161  1.121366440E-04  1.821227139E-03  1.817677128E-03  1.132435071E-04 
       162  7.326851483E-05  1.830539317E-03  1.805967332E-03  5.749661979E-05 
       163  3.412123624E-05  1.845149091E-03  1.856895194E-03  3.873604122E-05 
       164 -2.898804996E-05  1.861055498E-03  1.837239083E-03 -2.807587275E-05 
       165 -7.176015060E-05  1.867837622E-03  1.901941876E-03 -5.184226983E-05 
       166 -1.317249989E-04  1.877632691E-03  1.883818147E-03 -1.349995385E-04 
       167 -2.392314054E-04  1.886280254E-03  1.860738437E-03 -2.355958718E-04 
       168 -3.248970024E-04  1.890037325E-03  1.840478751E-03 -3.480552224E-04 
       169 -3.798143007E-04  1.898907940E-03  1.944888835E-03 -3.576104262E-04 
       170 -4.613691999E-04  1.910476247E-03  1.937868019E-03 -4.625970964E-04 
       171 -5.683479831E-04  1.914961380E-03  1.933420872E-03 -5.677151537E-04 
       172 -6.734442431E-04  1.915825065E-03  1.931035804E-03 -6.720340127E-04 
       173 -7.778604631E-04  1.917333575E-03  1.929621388E-03 -7.762373276E-04 
       174 -8.824167890E-04  1.919829636E-03  1.929185365E-03 -8.805429480E-04 
       175 -9.874489624E-04  1.921446179E-03  1.931300447E-03 -9.845805923E-04 
       176 -1.093661529E-03  1.919927308E-03  1.936006340E-03 -1.087852054E-03 
       177 -1.201252919E-03  1.909420360E-03  1.943793790E-03 -1.188405186E-03 
       178 -1.260268735E-03  1.899118419E-03  1.951891793E-03 -1.285628838E-03 
       179 -1.309044776E-03  1.895968569E-03  1.852236959E-03 -1.322700402E-03 
       180 -1.394520863E-03  1.894578338E-03  1.874523444E-03 -1.398003815E-03 
       181 -1.476880629E-03  1.897977898E-03  1.874830866E-03 -1.474881274E-03 
       182 -1.538852695E-03  1.902042888E-03  1.850798777E-03 -1.553051966E-03 
       183 -1.588086481E-03  1.911179861E-03  1.951318214E-03 -1.572415930E-03 
