cellnumber     x-coordinate     y-coordinate     y-coordinate     x-coordinate 
         1 -4.952668678E-03  1.507026725E-03  1.487872075E-03 -4.987579970E-03 
         2 -4.838813562E-03  1.389875659E-03  1.355609994E-03 -4.908683250E-03 
         3 -4.758033901E-03  1.222278341E-03  1.185938502E-03 -4.845740053E-03 
         4 -4.736735485E-03  1.107699587E-03  1.201696652E-03 -4.652145672E-03 
         5 -4.735193215E-03  1.085726311E-03  9.839778418E-04 -4.647044933E-03 
         6 -4.756220151E-03  9.833972435E-04  9.852271887E-04 -4.819195272E-03 
         7 -4.829433281E-03  8.075244841E-04  7.942485114E-04 -4.810469578E-03 
         8 -4.893012345E-03  7.159912493E-04  7.931783015E-04 -4.964977931E-03 
         9 -4.964639898E-03  6.421874859E-04  6.187289474E-04 -4.956766110E-03 
        10 -5.056855734E-03  5.574785755E-04  6.150339463E-04 -5.097984188E-03 
        11 -5.119377747E-03  5.042303237E-04  4.681654783E-04 -5.087286010E-03 
        12 -5.217028316E-03  4.345884663E-04  4.572464465E-04 -5.222150643E-03 
        13 -5.304935854E-03  3.798748949E-04  4.264681494E-04 -5.379978385E-03 
        14 -5.364392418E-03  3.334232897E-04  3.010860636E-04 -5.325380697E-03 
        15 -6.300963927E-03  1.995844301E-03  1.941039642E-03 -6.343202304E-03 
        16 -6.237040274E-03  1.974350307E-03  1.942084476E-03 -6.241432963E-03 
        17 -6.137422752E-03  1.952050254E-03  1.944167968E-03 -6.138718099E-03 
        18 -6.036020350E-03  1.942915493E-03  1.948080179E-03 -6.036384771E-03 
        19 -5.940343253E-03  1.934548491E-03  1.952643376E-03 -5.937578608E-03 
        20 -5.846623797E-03  1.928754849E-03  1.950483939E-03 -5.840505752E-03 
        21 -5.749070551E-03  1.922155614E-03  1.944291145E-03 -5.741907226E-03 
        22 -5.650373641E-03  1.898601884E-03  1.936661234E-03 -5.640823781E-03 
        23 -5.592840258E-03  1.874026028E-03  1.932288155E-03 -5.536746068E-03 
        24 -5.541188177E-03  1.853713649E-03  1.799469955E-03 -5.559921924E-03 
        25 -5.442019552E-03  1.826224616E-03  1.795993062E-03 -5.445236497E-03 
        26 -5.328311585E-03  1.789444592E-03  1.798247122E-03 -5.329769660E-03 
        27 -5.254159216E-03  1.754038618E-03  1.806866697E-03 -5.215519503E-03 
        28 -5.179801956E-03  1.696160180E-03  1.684082702E-03 -5.197630988E-03 
        29 -5.115096457E-03  1.645525219E-03  1.709263963E-03 -5.079481410E-03 
        30 -5.055846646E-03  1.598075381E-03  1.600032251E-03 -5.040464477E-03 
        31 -6.712971721E-03  2.554398088E-05  6.322564647E-05 -6.739235961E-03 
        32 -6.639886182E-03  5.295730807E-05  5.527185840E-05 -6.640630413E-03 
        33 -6.544645410E-03  5.492229684E-05  4.872757658E-05 -6.545017618E-03 
        34 -6.449102890E-03  5.320523269E-05  4.874166777E-05 -6.448031453E-03 
        35 -6.350051146E-03  5.123472874E-05  5.285901885E-05 -6.349655635E-03 
        36 -6.248668302E-03  4.981995517E-05  5.797063282E-05 -6.249329998E-03 
        37 -6.145848893E-03  4.835890286E-05  6.211032921E-05 -6.147200541E-03 
        38 -6.042617839E-03  5.107121979E-05  6.627403822E-05 -6.043387808E-03 
        39 -5.938732065E-03  6.571800623E-05  6.868406450E-05 -5.938978828E-03 
        40 -5.848877132E-03  1.039930939E-04  6.710090730E-05 -5.834726738E-03 
        41 -5.792540032E-03  1.387719676E-04  1.985639937E-04 -5.825569492E-03 
        42 -5.713732447E-03  1.768420043E-04  1.825888363E-04 -5.715459715E-03 
        43 -5.642270669E-03  2.139772550E-04  1.570969660E-04 -5.618598688E-03 
        44 -5.571654998E-03  2.470923646E-04  2.581640819E-04 -5.578051527E-03 
        45 -5.493298639E-03  2.809094149E-04  3.555822126E-04 -5.505147315E-03 
        46 -5.437363405E-03  2.956640383E-04  2.585098211E-04 -5.430574435E-03 
