cellnumber     x-coordinate     y-coordinate     y-coordinate     x-coordinate 
         1 -4.749340471E-03  1.744418987E-03  1.733014863E-03 -4.751042280E-03 
         2 -4.654372111E-03  1.713455073E-03  1.699540036E-03 -4.656901390E-03 
         3 -4.554194398E-03  1.664246432E-03  1.673160894E-03 -4.552765745E-03 
         4 -4.483201541E-03  1.611680607E-03  1.657996434E-03 -4.444046329E-03 
         5 -4.428952932E-03  1.561652287E-03  1.513963935E-03 -4.457896886E-03 
         6 -4.354964476E-03  1.490465482E-03  1.515828401E-03 -4.334144791E-03 
         7 -4.286939278E-03  1.403552364E-03  1.369775177E-03 -4.330295805E-03 
         8 -4.241284449E-03  1.338393078E-03  1.389921326E-03 -4.202633216E-03 
         9 -4.187953193E-03  1.225650311E-03  1.237755181E-03 -4.164642978E-03 
        10 -4.140013363E-03  1.106486772E-03  1.109987737E-03 -4.054213653E-03 
        11 -4.155755043E-03  1.011033310E-03  9.497439511E-04 -4.099234124E-03 
        12 -4.199288785E-03  8.867828874E-04  9.626902770E-04 -4.276328176E-03 
        13 -4.269149620E-03  7.711464423E-04  7.439251975E-04 -4.254512371E-03 
        14 -4.356302321E-03  6.823161384E-04  7.053471190E-04 -4.362237739E-03 
        15 -4.405370913E-03  6.282816757E-04  5.684697442E-04 -4.358232503E-03 
        16 -4.497477785E-03  5.369729479E-04  5.608407806E-04 -4.500182448E-03 
        17 -4.587756936E-03  4.598900268E-04  5.751065237E-04 -4.656015426E-03 
        18 -4.687857814E-03  4.149150918E-04  4.125673128E-04 -4.687068236E-03 
        19 -4.782098345E-03  3.751885961E-04  4.485512109E-04 -4.827757940E-03 
        20 -4.843109753E-03  3.393020306E-04  3.161734948E-04 -4.837980414E-03 
        21 -4.947759677E-03  2.868105657E-04  3.308147011E-04 -4.955415403E-03 
        22 -5.004921462E-03  2.613407560E-04  1.975887156E-04 -4.949121145E-03 
        23 -5.063813180E-03  2.293016441E-04  1.990133198E-04 -5.060702592E-03 
        24 -5.172355101E-03  1.874955633E-04  1.933696831E-04 -5.173974200E-03 
        25 -5.278420635E-03  1.598044764E-04  1.793242986E-04 -5.284524684E-03 
        26 -6.295461673E-03  1.995699480E-03  1.941039642E-03 -6.343202304E-03 
        27 -6.250391714E-03  1.995699247E-03  1.942084476E-03 -6.241432963E-03 
        28 -6.125551648E-03  1.990212360E-03  1.944167968E-03 -6.138718099E-03 
        29 -6.034073886E-03  1.966963289E-03  1.948080179E-03 -6.036384771E-03 
        30 -5.937835202E-03  1.950629288E-03  1.952643376E-03 -5.937578608E-03 
        31 -5.842148326E-03  1.946780016E-03  1.950483939E-03 -5.840505752E-03 
        32 -5.742859561E-03  1.944741351E-03  1.944291145E-03 -5.741907226E-03 
        33 -5.640142132E-03  1.943417243E-03  1.936661234E-03 -5.640823781E-03 
        34 -5.535287783E-03  1.942411065E-03  1.932288155E-03 -5.536746068E-03 
        35 -5.430588499E-03  1.939612674E-03  1.930799866E-03 -5.431590773E-03 
        36 -5.325630307E-03  1.931108884E-03  1.931409215E-03 -5.326042501E-03 
        37 -5.225052126E-03  1.898771152E-03  1.934327000E-03 -5.221331158E-03 
        38 -5.171655677E-03  1.871235087E-03  1.806866697E-03 -5.215519503E-03 
        39 -5.110132974E-03  1.853598631E-03  1.821575003E-03 -5.106552133E-03 
        40 -5.007203203E-03  1.817261567E-03  1.838856195E-03 -5.007557313E-03 
        41 -4.957268480E-03  1.796161057E-03  1.736516828E-03 -4.983996371E-03 
        42 -4.913204350E-03  1.782262349E-03  1.761993131E-03 -4.909665027E-03 
        43 -4.833461251E-03  1.762889326E-03  1.762901337E-03 -4.832205758E-03 
        44 -6.532339845E-03  1.719345710E-05  4.872757658E-05 -6.545017618E-03 
        45 -6.445444655E-03  2.813507854E-05  4.874166777E-05 -6.448031453E-03 
        46 -6.343240850E-03  1.366618926E-05  5.285901885E-05 -6.349655635E-03 
        47 -6.264951080E-03  2.724567821E-06  5.797063282E-05 -6.249329998E-03 
        48 -5.934149958E-03  1.328759845E-05  6.868406450E-05 -5.938978828E-03 
        49 -5.834750365E-03  4.014456135E-05  6.710090730E-05 -5.834726738E-03 
        50 -5.730922334E-03  6.090828902E-05  6.005380669E-05 -5.732217633E-03 
        51 -5.639502313E-03  8.337070904E-05  5.134376603E-05 -5.633311034E-03 
        52 -5.590104498E-03  9.995630535E-05  1.570969660E-04 -5.618598688E-03 
        53 -5.539251491E-03  1.104592084E-04  1.324680752E-04 -5.537501702E-03 
        54 -5.458328407E-03  1.235284144E-04  1.328127564E-04 -5.458590871E-03 
        55 -5.374447908E-03  1.367456280E-04  1.568761817E-04 -5.380775277E-03 
