cellnumber     x-coordinate     y-coordinate     y-coordinate     x-coordinate 
         1 -5.451096687E-03  6.071276730E-04  5.753470965E-04 -5.412148703E-03 
         2 -5.366075318E-03  7.359393057E-04  7.382926290E-04 -5.408594116E-03 
         3 -5.327571183E-03  8.118429105E-04  8.819804842E-04 -5.385312154E-03 
         4 -5.291352514E-03  8.580724243E-04  8.540092722E-04 -5.274155294E-03 
         5 -5.239123944E-03  9.342947160E-04  9.152959660E-04 -5.163357315E-03 
         6 -5.217999220E-03  1.074605971E-03  1.073524089E-03 -5.236292296E-03 
         7 -6.722649094E-03  1.991546946E-03  1.949864175E-03 -6.748831175E-03 
         8 -6.641414482E-03  1.987532713E-03  1.945437433E-03 -6.647916601E-03 
         9 -6.538790651E-03  1.993613318E-03  1.943884588E-03 -6.546492771E-03 
        10 -6.438873708E-03  1.983665396E-03  1.940514493E-03 -6.446167279E-03 
        11 -6.340273656E-03  1.962316688E-03  1.941039642E-03 -6.343202304E-03 
        12 -6.240422837E-03  1.947814482E-03  1.942084476E-03 -6.241432963E-03 
        13 -6.139617413E-03  1.928304671E-03  1.944167968E-03 -6.138718099E-03 
        14 -6.075674202E-03  1.903935336E-03  1.948080179E-03 -6.036384771E-03 
        15 -6.024563219E-03  1.879743650E-03  1.840988043E-03 -6.041242266E-03 
        16 -5.957354791E-03  1.843393664E-03  1.858889948E-03 -5.948303515E-03 
        17 -5.906722974E-03  1.816285076E-03  1.769609237E-03 -5.917776894E-03 
        18 -5.859245081E-03  1.817446086E-03  1.853985312E-03 -5.862772109E-03 
        19 -5.782721099E-03  1.814154792E-03  1.826236364E-03 -5.777403837E-03 
        20 -5.697614979E-03  1.772909425E-03  1.808539634E-03 -5.673749247E-03 
        21 -5.648165476E-03  1.732454984E-03  1.684758851E-03 -5.702584824E-03 
        22 -5.579534918E-03  1.670557074E-03  1.671269306E-03 -5.580662973E-03 
        23 -5.518794060E-03  1.610082341E-03  1.665005591E-03 -5.456116609E-03 
        24 -5.458659027E-03  1.536637661E-03  1.533810060E-03 -5.465691708E-03 
        25 -5.399484653E-03  1.462952234E-03  1.396870639E-03 -5.469922228E-03 
        26 -5.336063914E-03  1.400029403E-03  1.410217533E-03 -5.303904180E-03 
        27 -5.247559864E-03  1.261294703E-03  1.250021008E-03 -5.284741873E-03 
        28 -6.829021964E-03  2.772991684E-05  6.939597676E-05 -6.840962208E-03 
        29 -6.738845725E-03  5.666474317E-05  6.322564647E-05 -6.739235961E-03 
        30 -6.639458239E-03  5.950187551E-05  5.527185840E-05 -6.640630413E-03 
        31 -6.544976495E-03  6.193718582E-05  4.872757658E-05 -6.545017618E-03 
        32 -6.450648420E-03  6.363141438E-05  4.874166777E-05 -6.448031453E-03 
        33 -6.355457008E-03  8.052079647E-05  5.285901885E-05 -6.349655635E-03 
        34 -6.299376953E-03  1.044709061E-04  5.797063282E-05 -6.249329998E-03 
        35 -6.251038052E-03  1.279223361E-04  1.716427780E-04 -6.269541989E-03 
        36 -6.162182894E-03  1.603161509E-04  1.810521465E-04 -6.165155568E-03 
        37 -6.057192571E-03  1.990011806E-04  1.929737896E-04 -6.056549091E-03 
        38 -5.973544903E-03  2.426531573E-04  2.017288300E-04 -5.941438758E-03 
        39 -5.912454799E-03  2.828934812E-04  3.285145104E-04 -5.945833166E-03 
        40 -5.819048267E-03  3.433481324E-04  3.278412583E-04 -5.812848160E-03 
        41 -5.743838847E-03  3.955157590E-04  4.585224583E-04 -5.798018245E-03 
        42 -5.648966879E-03  4.440112971E-04  4.287034821E-04 -5.631771705E-03 
        43 -5.535110366E-03  5.146827898E-04  5.788387543E-04 -5.593354302E-03 
