cellnumber     x-coordinate     y-coordinate     y-coordinate     x-coordinate 
         1 -4.469087347E-03  1.991785364E-03  1.936762355E-03 -4.517952941E-03 
         2 -4.414155148E-03  1.963586081E-03  1.933136697E-03 -4.416522146E-03 
         3 -4.335887264E-03  1.971800812E-03  1.931426409E-03 -4.314333929E-03 
         4 -3.556794720E-03  1.994445221E-03  1.941697752E-03 -3.607061421E-03 
         5 -3.502446460E-03  1.984919887E-03  1.938766576E-03 -3.509147931E-03 
         6 -3.409845056E-03  1.990474528E-03  1.932905906E-03 -3.406640362E-03 
         7 -3.276086645E-03  1.997023821E-03  1.937228295E-03 -3.300266113E-03 
         8 -3.198926337E-03  1.980135916E-03  1.943163964E-03 -3.201366508E-03 
         9 -3.102124901E-03  1.959703397E-03  1.941788315E-03 -3.105180951E-03 
        10 -3.003641497E-03  1.950362814E-03  1.939727861E-03 -3.005310109E-03 
        11 -2.903255168E-03  1.946126926E-03  1.935561470E-03 -2.904892689E-03 
        12 -2.800907008E-03  1.943338197E-03  1.932500257E-03 -2.802616471E-03 
        13 -2.698515076E-03  1.940535381E-03  1.932111083E-03 -2.699786421E-03 
        14  1.091434504E-03  6.857550034E-05  1.117325809E-04  1.084459245E-03 
        15  1.049075043E-03  7.642370474E-05  9.817104269E-05  1.037782173E-03 
        16  9.856524412E-04  8.335639723E-05  1.094626456E-04  9.672596036E-04 
        17  9.597730241E-04  4.995718700E-05  3.973284875E-05  9.851097223E-04 
        18  9.215744794E-04  9.091969332E-06  4.903805260E-05  9.098509854E-04 
        19  8.505929145E-04  1.140256336E-05  4.542955042E-05  8.444747100E-04 
        20  7.828576490E-04  2.277347266E-05  3.064314326E-05  7.819077585E-04 
        21  7.241943968E-04  2.320664316E-05  2.376551705E-05  7.244123886E-04 
        22  6.668909919E-04  1.448678177E-05  2.274665324E-05  6.657491188E-04 
        23  6.318656378E-04  2.851613544E-06  2.138182500E-05  6.018984717E-04 
        24  8.322673966E-04  2.302550420E-04  2.066801854E-04  8.495336717E-04 
        25  8.290781407E-04  2.348162961E-04  2.497850322E-04  8.349731612E-04 
        26  6.317613297E-04  1.797527511E-04  1.589834018E-04  6.298936868E-04 
        27  6.112366682E-04  1.996494102E-04  1.972736704E-04  6.158441061E-04 
        28  5.985045573E-04  2.188511135E-04  1.972502765E-04  5.942934095E-04 
        29  5.971656647E-04  2.233859414E-04  2.495200019E-04  5.755313845E-04 
        30  6.147577660E-04  2.396484342E-04  2.371218948E-04  6.186498850E-04 
        31  6.421054713E-04  2.577601117E-04  2.905322350E-04  6.209350592E-04 
        32  6.697339122E-04  2.661451290E-04  2.893744474E-04  6.680827608E-04 
        33 -1.012941473E-03  1.419332984E-04  1.977556957E-04 -1.019009077E-03 
        34 -9.045507177E-04  1.408337121E-04  1.984103759E-04 -9.069970064E-04 
        35 -7.963851094E-04  1.354043634E-04  1.938604447E-04 -7.950795716E-04 
        36 -7.180075045E-04  1.289038046E-04  1.869981581E-04 -6.853314307E-04 
        37 -6.657547783E-04  1.207275418E-04  6.355081433E-05 -6.935649223E-04 
        38 -5.859550438E-04  1.057370828E-04  6.038485763E-05 -5.907983585E-04 
        39 -4.825166252E-04  8.956973761E-05  5.539476994E-05 -4.882335345E-04 
        40 -3.823315492E-04  7.988281141E-05  4.835427240E-05 -3.882786737E-04 
        41 -2.851044701E-04  7.470091077E-05  4.217445575E-05 -2.899144977E-04 
        42 -1.908017584E-04  6.335468788E-05  3.676977502E-05 -1.935137109E-04 
        43 -1.044463061E-04  4.056463877E-05  3.307254836E-05 -1.052198301E-04 
        44 -2.777809095E-05  1.462065575E-05  3.067821061E-05 -2.973995391E-05 
        45  9.729224075E-06  1.171329359E-06  3.393898202E-05  4.248468120E-05 
        46  2.277598542E-04  1.705330760E-05  2.931386421E-05  2.067113238E-04 
        47  2.608496579E-04  3.360016854E-05  3.429371706E-05  2.597225743E-04 
        48  3.211297444E-04  2.051950287E-05  2.775908311E-05  3.200411847E-04 
        49  3.596207825E-04  3.972640116E-06  2.357188179E-05  3.768744278E-04 
        50 -2.419417258E-03  6.427620247E-05  7.332680564E-05 -2.420594786E-03 
        51 -2.315886086E-03  6.605979434E-05  7.311501499E-05 -2.316820890E-03 
        52 -2.212658292E-03  6.812810898E-05  7.043852328E-05 -2.213196658E-03 
        53 -2.110454021E-03  7.111204468E-05  6.674919455E-05 -2.110809722E-03 
        54 -2.009021584E-03  7.679842383E-05  6.249115734E-05 -2.009269490E-03 
        55 -1.910180668E-03  8.552975487E-05  5.855735120E-05 -1.909155614E-03 
        56 -1.812493545E-03  9.615792078E-05  5.673498202E-05 -1.809930395E-03 
        57 -1.713643200E-03  1.033628287E-04  5.515330775E-05 -1.709579807E-03 
        58 -1.613796339E-03  1.065727556E-04  5.457516422E-05 -1.609092055E-03 
        59 -1.562992460E-03  1.082860326E-04  5.383556151E-05 -1.509067679E-03 
        60 -1.514944830E-03  1.101122543E-04  1.628884477E-04 -1.521335975E-03 
        61 -1.419303473E-03  1.166850998E-04  1.617335276E-04 -1.426165312E-03 
        62 -1.322441851E-03  1.267039625E-04  1.668645453E-04 -1.329549773E-03 
        63 -1.222923631E-03  1.351625106E-04  1.792718652E-04 -1.230890175E-03 
        64 -1.119791181E-03  1.399307803E-04  1.909506707E-04 -1.127491208E-03 
        65 -2.596808830E-03  1.937540830E-03  1.933004749E-03 -2.597631251E-03 
        66 -2.495082561E-03  1.934340573E-03  1.934575948E-03 -2.495273050E-03 
        67 -2.393305069E-03  1.930862083E-03  1.936099255E-03 -2.392953671E-03 
        68 -2.290244680E-03  1.929081278E-03  1.936053435E-03 -2.289587949E-03 
        69 -2.185851801E-03  1.930294675E-03  1.934468811E-03 -2.185353151E-03 
        70 -2.081523649E-03  1.932007843E-03  1.932282097E-03 -2.081243068E-03 
        71 -1.977594802E-03  1.932300860E-03  1.931099759E-03 -1.977459928E-03 
        72 -1.873967121E-03  1.930558705E-03  1.931720263E-03 -1.874312453E-03 
        73 -1.769573893E-03  1.925704069E-03  1.935050064E-03 -1.771475459E-03 
        74 -1.665143529E-03  1.910883933E-03  1.942464568E-03 -1.670585838E-03 
        75  1.128219184E-03  8.604775940E-05  8.040617181E-05  1.148378910E-03 
        76  1.164576970E-03  1.209954717E-04  1.201271259E-04  1.162281529E-03 
        77  1.032808330E-03  3.523096675E-04  3.494808836E-04  1.031177674E-03 
        78 -2.522908384E-03  6.268548896E-05  7.110491468E-05 -2.524064784E-03 
        79 -2.626554109E-03  6.174454757E-05  6.600393607E-05 -2.626677037E-03 
        80 -2.730128122E-03  6.291734462E-05  5.825507198E-05 -2.727486420E-03 
        81 -2.832581988E-03  6.936334830E-05  4.912679422E-05 -2.825656849E-03 
        82 -2.923503518E-03  7.753878162E-05  4.152960011E-05 -2.921255581E-03 
        83 -2.969076158E-03  8.039116074E-05  1.245868552E-04 -2.938612863E-03 
        84 -2.977036405E-03  8.000193338E-05  1.214414492E-04 -3.016459697E-03 
        85 -3.020929638E-03  7.042203652E-05  4.077177812E-05 -3.017093035E-03 
        86 -3.111510305E-03  5.255995347E-05  4.724476742E-05 -3.112842704E-03 
        87 -3.210708965E-03  2.203913573E-05  5.527762229E-05 -3.210920916E-03 
        88 -3.637447255E-03  2.933889618E-06  5.980250934E-05 -3.623612789E-03 
        89 -3.678346053E-03  2.933889618E-06  5.360691041E-05 -3.723738008E-03 
        90 -4.662943538E-03  2.195131856E-05  5.666467444E-05 -4.629023667E-03 
        91 -4.729676060E-03  4.109049405E-05  6.050692886E-05 -4.730923795E-03 
        92 -4.794109147E-03  1.913917731E-05  6.405840120E-05 -4.833593435E-03 
        93  1.034356537E-03  1.494618366E-03  1.494216465E-03  1.047784337E-03 
        94  1.040696166E-03  1.443459536E-03  1.444095129E-03  1.054546704E-03 
        95  1.046192483E-03  1.381917624E-03  1.380559330E-03  1.067326760E-03 
        96  1.079296344E-03  1.336752204E-03  1.323443133E-03  1.066440775E-03 
        97  1.121479669E-03  1.185723348E-03  1.182947354E-03  1.127447805E-03 
        98  1.118383603E-03  1.154146856E-03  1.145744468E-03  1.129436897E-03 
        99  1.016685856E-03  1.526221633E-03  1.540586173E-03  1.037773567E-03 
       100  1.000430784E-03  1.551404130E-03  1.547151731E-03  9.788248170E-04 
       101  9.712771280E-04  1.589369844E-03  1.589383556E-03  9.737540144E-04 
       102  9.496627608E-04  1.611605054E-03  1.597111230E-03  9.336756457E-04 
       103  9.433353553E-04  1.641362673E-03  1.640984253E-03  9.427069241E-04 
       104  9.403525037E-04  1.679729670E-03  1.674639325E-03  9.529201066E-04 
       105  9.417393012E-04  1.697390224E-03  1.701947246E-03  9.138691111E-04 
       106  9.375729715E-04  1.729672425E-03  1.735593166E-03  9.253498886E-04 
       107  9.265452973E-04  1.771159354E-03  1.770578184E-03  9.526611596E-04 
       108  9.131431580E-04  1.803642022E-03  1.803956762E-03  8.983934531E-04 
       109  9.240250802E-04  1.832161332E-03  1.846867949E-03  9.118974599E-04 
       110  9.623604128E-04  1.848656451E-03  1.820171026E-03  9.838060608E-04 
       111  1.010943670E-03  1.873614383E-03  1.891638275E-03  9.962546383E-04 
       112  1.091301558E-03  1.877574367E-03  1.890758872E-03  1.085454211E-03 
       113  1.143315691E-03  1.862127217E-03  1.904909458E-03  1.174848944E-03 
       114  1.181659172E-03  1.836522482E-03  1.838381267E-03  1.193961290E-03 
       115  1.233610557E-03  1.808486762E-03  1.783827280E-03  1.217834789E-03 
       116  1.277965144E-03  1.818183460E-03  1.805745326E-03  1.280817148E-03 
       117  1.310290769E-03  1.832441543E-03  1.813306485E-03  1.337936873E-03 
       118  1.321800170E-03  1.866213046E-03  1.867500230E-03  1.331326106E-03 
       119  1.314561930E-03  1.921792398E-03  1.922916683E-03  1.327546091E-03 
       120  1.296296017E-03  1.946599223E-03  1.974293303E-03  1.329568134E-03 
       121  1.266629552E-03  1.973767998E-03  1.971598349E-03  1.254225396E-03 
       122  8.486187435E-04  5.943145370E-04  5.877826763E-04  8.440806497E-04 
       123  8.813960012E-04  5.799255450E-04  5.935898340E-04  8.973054131E-04 
       124  8.788288105E-04  6.582183414E-04  6.352786231E-04  8.699309407E-04 
       125  9.022991871E-04  6.699332152E-04  6.364948798E-04  9.007705984E-04 
       126  7.859892794E-04  8.127046749E-04  7.746051053E-04  8.065859887E-04 
       127  7.810551906E-04  8.148307679E-04  7.887284367E-04  7.626456711E-04 
       128  7.779820589E-04  8.240649477E-04  8.386005921E-04  7.504530559E-04 
       129  9.411575738E-04  8.000645321E-04  7.897229331E-04  9.216344254E-04 
       130  9.228468989E-04  9.773765923E-04  9.837071296E-04  9.114794130E-04 
       131  9.369603358E-04  9.997456800E-04  1.031689292E-03  9.141001009E-04 
       132  9.573267307E-04  1.018553041E-03  1.034141947E-03  9.562020985E-04 
       133  6.539555034E-04  1.969689038E-03  1.971384957E-03  6.606343684E-04 
       134  6.073274999E-04  1.965629635E-03  1.971359202E-03  6.106761851E-04 
       135  5.424931296E-04  1.972174505E-03  1.972141317E-03  5.472809736E-04 
       136  5.073199864E-04  1.955623971E-03  1.934264185E-03  5.425544003E-04 
       137  4.738822754E-04  1.925293240E-03  1.926672699E-03  4.543770204E-04 
       138  4.422930651E-04  1.886758371E-03  1.888194974E-03  4.650015219E-04 
       139  4.383365158E-04  1.853232505E-03  1.854365445E-03  4.333726697E-04 
       140  4.274986568E-04  1.814246061E-03  1.814672172E-03  4.200604828E-04 
       141  4.044358502E-04  1.783669577E-03  1.781306276E-03  4.214006858E-04 
       142  3.577182069E-04  1.767097507E-03  1.778576375E-03  3.562106028E-04 
       143  2.948117326E-04  1.773577766E-03  1.775497366E-03  2.941201200E-04 
       144  2.419609809E-04  1.788509893E-03  1.779225650E-03  2.401065689E-04 
       145  1.820156031E-04  1.795025426E-03  1.780499494E-03  1.843295540E-04 
       146  1.346097124E-04  1.794796088E-03  1.772320070E-03  1.239196254E-04 
       147  1.056660913E-04  1.800041413E-03  1.817677128E-03  1.132435071E-04 
       148  5.585329927E-05  1.807295135E-03  1.805967332E-03  5.749661979E-05 
       149  1.124321989E-05  1.810339396E-03  1.781158464E-03  4.654104666E-06 
       150 -3.108659803E-05  1.819055644E-03  1.837239083E-03 -2.807587275E-05 
       151 -1.107116623E-04  1.824709121E-03  1.799108044E-03 -1.026290357E-04 
       152 -2.150913060E-04  1.814172370E-03  1.763005685E-03 -2.091987439E-04 
       153 -2.784604731E-04  1.806582208E-03  1.860738437E-03 -2.355958718E-04 
       154 -3.431743826E-04  1.801686594E-03  1.840478751E-03 -3.480552224E-04 
       155 -4.580723762E-04  1.798503916E-03  1.821449334E-03 -4.602820078E-04 
       156 -5.728033721E-04  1.801638398E-03  1.806583953E-03 -5.736423995E-04 
       157 -6.837349501E-04  1.807151479E-03  1.796639734E-03 -6.854871096E-04 
       158 -7.924061501E-04  1.817646436E-03  1.790760351E-03 -7.968246720E-04 
       159 -8.999414858E-04  1.831897069E-03  1.790070130E-03 -9.093602063E-04 
       160 -1.006928040E-03  1.845284365E-03  1.796283957E-03 -1.021157300E-03 
       161 -1.114256564E-03  1.855476410E-03  1.809803006E-03 -1.130717216E-03 
       162 -1.219080063E-03  1.864356920E-03  1.829368103E-03 -1.233805673E-03 
       163 -1.315111411E-03  1.872046501E-03  1.852236959E-03 -1.322700402E-03 
       164 -1.398798078E-03  1.872020657E-03  1.874523444E-03 -1.398003815E-03 
       165 -1.475471538E-03  1.877457951E-03  1.874830866E-03 -1.474881274E-03 
       166 -1.559005701E-03  1.890602638E-03  1.850798777E-03 -1.553051966E-03 
       167 -1.608827384E-03  1.897197217E-03  1.951318214E-03 -1.572415930E-03 
