cellnumber     x-coordinate     y-coordinate     y-coordinate     x-coordinate 
         1 -4.062334541E-03  1.991554163E-03  1.933075753E-03 -4.109019672E-03 
         2 -4.006137606E-03  1.971788704E-03  1.934369578E-03 -4.006508197E-03 
         3 -3.941860050E-03  1.980234869E-03  1.936141286E-03 -3.904823046E-03 
         4 -2.846145071E-03  1.998984721E-03  1.935561470E-03 -2.904892689E-03 
         5 -2.802707721E-03  1.998984721E-03  1.932500257E-03 -2.802616471E-03 
         6  7.017456810E-04  4.457842806E-07  2.376551705E-05  7.244123886E-04 
         7  6.676363409E-04  6.952970125E-06  2.274665324E-05  6.657491188E-04 
         8  6.042190362E-04  1.094893105E-05  2.138182500E-05  6.018984717E-04 
         9  2.332675504E-03  6.211739674E-06  1.979816584E-05  2.360534697E-03 
        10  2.319028601E-03  3.008920430E-05  2.543826441E-05  2.298809444E-03 
        11  2.294549486E-03  5.863236584E-05  6.421325349E-05  2.312346827E-03 
        12  2.261189977E-03  9.841471910E-05  1.009002678E-04  2.269504929E-03 
        13  2.247622702E-03  1.607026643E-04  1.613601952E-04  2.254107036E-03 
        14  2.253113780E-03  2.063969296E-04  2.115928679E-04  2.268628249E-03 
        15  2.241782844E-03  2.383626852E-04  2.373658805E-04  2.247575958E-03 
        16  2.253953833E-03  2.694129653E-04  2.744122654E-04  2.248537651E-03 
        17  2.277757972E-03  2.815015905E-04  3.128599891E-04  2.272489471E-03 
        18  2.308174735E-03  3.052049724E-04  2.993758897E-04  2.318535620E-03 
        19  2.338286489E-03  3.442821617E-04  3.457278335E-04  2.348621878E-03 
        20  2.385954373E-03  4.451147979E-04  4.358183084E-04  2.389704606E-03 
        21  2.402761718E-03  4.526090052E-04  4.612386868E-04  2.398496022E-03 
        22  2.429366577E-03  4.586735158E-04  4.404200250E-04  2.432817981E-03 
        23  2.452269662E-03  4.652770294E-04  4.916197099E-04  2.436088877E-03 
        24  2.478190931E-03  4.700629215E-04  4.832002055E-04  2.479166716E-03 
        25  2.485476900E-03  6.199047784E-04  6.001120732E-04  2.481107966E-03 
        26  2.466144739E-03  6.259476650E-04  6.558729013E-04  2.480274928E-03 
        27  2.444793005E-03  6.336857914E-04  6.492226082E-04  2.446194591E-03 
        28 -1.006688690E-03  7.762948371E-05  6.636507486E-05 -1.005326591E-03 
        29 -9.016770637E-04  7.444227958E-05  6.680606303E-05 -9.013910211E-04 
        30 -7.970138104E-04  7.130323502E-05  6.575810028E-05 -7.972552363E-04 
        31 -6.930528325E-04  6.767334708E-05  6.355081433E-05 -6.935649223E-04 
        32 -5.897844676E-04  6.455859693E-05  6.038485763E-05 -5.907983585E-04 
        33 -4.862058267E-04  6.289158046E-05  5.539476994E-05 -4.882335345E-04 
        34 -3.846728359E-04  6.505844794E-05  4.835427240E-05 -3.882786737E-04 
        35 -3.054607660E-04  7.572254253E-05  4.217445575E-05 -2.899144977E-04 
        36 -2.549741475E-04  8.528910985E-05  1.281231806E-04 -2.752816664E-04 
        37 -1.864199585E-04  9.364651487E-05  1.108253011E-04 -1.840752402E-04 
        38 -1.101744201E-04  1.128284275E-04  9.693807319E-05 -1.022720959E-04 
        39 -7.125596312E-05  1.276868861E-04  1.562393313E-04 -8.961924719E-05 
        40 -2.745867823E-05  1.468913397E-04  1.429506679E-04 -2.640014050E-05 
        41  7.610462944E-06  1.651966595E-04  1.372427601E-04  2.941064111E-05 
        42  4.205375444E-05  1.812102128E-04  1.880186171E-04  3.887628747E-05 
        43  1.030837884E-04  2.861587200E-05  2.794200578E-05  1.007808420E-04 
        44  2.566603944E-04  1.260924473E-04  1.408289672E-04  2.717250439E-04 
        45  2.790899889E-04  9.340126417E-05  8.822211316E-05  2.654353734E-04 
        46  3.014742106E-04  6.498653238E-05  8.110587978E-05  3.211743461E-04 
        47  3.292093752E-04  4.156428986E-05  2.775908311E-05  3.200411847E-04 
        48  3.778764221E-04  1.588445230E-05  2.357188179E-05  3.768744278E-04 
        49  4.217699461E-04  3.253364639E-06  1.961275604E-05  4.300925550E-04 
        50  2.024849528E-04  2.887650589E-05  2.931386421E-05  2.067113238E-04 
        51  5.529685877E-04  4.441745205E-06  1.926840855E-05  5.412139952E-04 
        52 -2.103537321E-03  2.446057624E-05  6.674919455E-05 -2.110809722E-03 
        53 -2.008405048E-03  5.291163689E-05  6.249115734E-05 -2.009269490E-03 
        54 -1.908910228E-03  5.858691657E-05  5.855735120E-05 -1.909155614E-03 
        55 -1.810103771E-03  6.342920824E-05  5.673498202E-05 -1.809930395E-03 
        56 -1.710709883E-03  6.931838288E-05  5.515330775E-05 -1.709579807E-03 
        57 -1.610862906E-03  7.498558261E-05  5.457516422E-05 -1.609092055E-03 
        58 -1.512190560E-03  8.125423483E-05  5.383556151E-05 -1.509067679E-03 
        59 -1.415129285E-03  8.819779032E-05  5.490773208E-05 -1.410009075E-03 
        60 -1.316297916E-03  9.182444046E-05  5.715688499E-05 -1.310405891E-03 
        61 -1.214802731E-03  8.821844676E-05  6.005970237E-05 -1.209844188E-03 
        62 -1.111462130E-03  8.200177399E-05  6.361088174E-05 -1.108407631E-03 
        63 -2.341476968E-03  1.995409373E-03  1.936099255E-03 -2.392953671E-03 
        64 -2.286551986E-03  1.970520942E-03  1.936053435E-03 -2.289587949E-03 
        65 -2.185152378E-03  1.949027181E-03  1.934468811E-03 -2.185353151E-03 
        66 -2.081625629E-03  1.946716686E-03  1.932282097E-03 -2.081243068E-03 
        67 -1.978181768E-03  1.944639138E-03  1.931099759E-03 -1.977459928E-03 
        68 -1.874952577E-03  1.942628645E-03  1.931720263E-03 -1.874312453E-03 
        69 -1.771383570E-03  1.940692891E-03  1.935050064E-03 -1.771475459E-03 
        70 -1.668645651E-03  1.937149907E-03  1.942464568E-03 -1.670585838E-03 
        71  1.861216733E-03  1.399303204E-03  1.393045398E-03  1.847366747E-03 
        72  1.895086141E-03  1.377657754E-03  1.377934128E-03  1.894362010E-03 
        73  1.928478014E-03  1.385269803E-03  1.381869335E-03  1.946409453E-03 
        74  1.704794122E-03  1.687168027E-03  1.639663550E-03  1.715254091E-03 
        75  1.740242005E-03  1.690494479E-03  1.674905581E-03  1.747979358E-03 
        76  1.780337770E-03  1.714487094E-03  1.719651303E-03  1.773429624E-03 
        77  1.816503238E-03  8.319137269E-04  8.554223708E-04  1.808868545E-03 
        78  1.835559844E-03  8.278927417E-04  8.511538807E-04  1.868482330E-03 
        79  1.835520379E-03  8.266385994E-04  7.957198434E-04  1.864774472E-03 
        80  1.816463890E-03  8.306595846E-04  8.102537455E-04  1.809880671E-03 
        81  1.335541718E-03  1.381066454E-06  3.029660721E-05  1.374394404E-03 
        82  1.328728744E-03  1.381066454E-06  2.781562399E-05  1.291423479E-03 
        83  1.439891639E-03  3.296032664E-04  3.110205828E-04  1.429157492E-03 
        84  1.430914737E-03  3.565846710E-04  3.604196062E-04  1.414468662E-03 
        85  1.620418974E-03  4.172737536E-04  3.989504723E-04  1.635943163E-03 
        86  1.613919158E-03  4.286286130E-04  4.409151578E-04  1.619891975E-03 
        87  1.556389849E-03  5.061120610E-04  4.880986154E-04  1.558085760E-03 
        88  1.540894853E-03  5.268636160E-04  5.267495125E-04  1.542733763E-03 
        89  1.549374312E-03  5.655664136E-04  5.757771987E-04  1.538984415E-03 
        90  1.501087565E-03  1.202334606E-04  9.659987960E-05  1.457926661E-03 
        91  1.482133870E-03  1.551461173E-04  1.550347433E-04  1.467299926E-03 
        92  1.489838469E-03  1.987938449E-04  2.085884591E-04  1.483636853E-03 
        93  1.525529777E-03  1.937221241E-04  2.005083215E-04  1.536766356E-03 
        94  1.533514936E-03  1.481062791E-04  1.460479947E-04  1.540643245E-03 
        95  1.516777324E-03  1.182653577E-04  8.827208810E-05  1.542645135E-03 
        96 -2.818956506E-03  1.203651391E-05  4.912679422E-05 -2.825656849E-03 
        97 -2.919516759E-03  3.005071994E-05  4.152960011E-05 -2.921255581E-03 
        98 -3.016133094E-03  3.790948176E-05  4.077177812E-05 -3.017093035E-03 
        99 -3.097707639E-03  1.989527482E-05  4.724476742E-05 -3.112842704E-03 
       100 -4.357884638E-03  2.201597454E-05  6.007520483E-05 -4.324261684E-03 
       101 -4.401894286E-03  2.201597454E-05  5.780932662E-05 -4.424947168E-03 
       102  1.006708131E-03  1.995378872E-03  1.967796512E-03  9.859944441E-04 
       103  1.073603402E-03  1.982040238E-03  1.967889592E-03  1.075421463E-03 
       104  1.168123097E-03  1.976167085E-03  1.969581686E-03  1.167806069E-03 
       105  1.255092211E-03  1.988339238E-03  1.971598349E-03  1.254225396E-03 
       106  1.298915013E-03  1.998833613E-03  1.974293303E-03  1.329568134E-03 
       107  1.485156477E-03  1.993670361E-03  1.977384376E-03  1.464514448E-03 
       108  1.509132097E-03  1.973141683E-03  1.979290681E-03  1.525055689E-03 
       109  1.536188414E-03  1.941188588E-03  1.942136120E-03  1.535649528E-03 
       110  1.602968085E-03  1.998594962E-03  1.978854450E-03  1.578945755E-03 
       111  1.613174332E-03  1.975112827E-03  1.975149379E-03  1.638415993E-03 
       112  1.636527013E-03  1.924533513E-03  1.923318898E-03  1.639927620E-03 
       113  1.633730717E-03  1.886180136E-03  1.876924252E-03  1.647737271E-03 
       114  1.703096088E-03  1.687986078E-03  1.675496708E-03  1.670018958E-03 
       115  1.701985020E-03  1.694194856E-03  1.727118653E-03  1.667279858E-03 
       116  1.706750598E-03  1.730857766E-03  1.730930592E-03  1.714327700E-03 
       117  1.718517509E-03  1.763718319E-03  1.782133242E-03  1.704231979E-03 
       118  1.742856111E-03  1.766038244E-03  1.774727542E-03  1.742742310E-03 
       119  1.779012033E-03  1.763470122E-03  1.775305427E-03  1.776653791E-03 
       120  1.791701536E-03  1.747661736E-03  1.745803435E-03  1.787931124E-03 
       121  1.895499299E-03  1.596798771E-03  1.604245507E-03  1.900694087E-03 
       122  1.940804999E-03  1.607785118E-03  1.608133146E-03  1.950693643E-03 
       123  2.497235779E-03  1.557104173E-03  1.581630475E-03  2.480464950E-03 
       124  2.474553185E-03  1.529940986E-03  1.528830526E-03  2.472081007E-03 
       125  2.477317350E-03  1.484601293E-03  1.480862986E-03  2.473401436E-03 
       126  2.272665501E-03  1.369978418E-03  1.360744986E-03  2.262743285E-03 
       127  2.285858383E-03  1.348095713E-03  1.308258536E-03  2.260534084E-03 
       128  2.319484483E-03  1.343633747E-03  1.311649622E-03  2.315264781E-03 
       129  2.342764754E-03  1.336325193E-03  1.309046208E-03  2.366980009E-03 
       130  2.497059759E-03  1.717039850E-03  1.679062906E-03  2.481335120E-03 
       131  2.477642614E-03  1.719049178E-03  1.738623951E-03  2.479550766E-03 
       132  2.445582533E-03  1.717730192E-03  1.718517235E-03  2.445875227E-03 
       133  2.341437852E-03  1.813384704E-03  1.819129066E-03  2.323892695E-03 
       134  2.354028868E-03  1.831085538E-03  1.807632129E-03  2.377974769E-03 
       135  2.369964728E-03  1.876413589E-03  1.872925413E-03  2.383585236E-03 
       136  2.379843965E-03  1.958421199E-03  1.957931955E-03  2.375987579E-03 
       137  2.488062484E-03  7.378828595E-04  7.129285593E-04  2.483448182E-03 
       138  2.471921267E-03  7.371353568E-04  7.685759618E-04  2.475169477E-03 
       139  2.451599576E-03  7.200866821E-04  7.278509213E-04  2.442101369E-03 
       140  2.427260159E-03  7.004841464E-04  6.928805253E-04  2.434189136E-03 
       141  4.603343550E-04  1.974795014E-03  1.974844604E-03  4.631898431E-04 
       142  4.197186499E-04  1.942384057E-03  1.926672699E-03  4.543770204E-04 
       143  3.973417624E-04  1.909863087E-03  1.912972231E-03  3.935666735E-04 
       144  3.764071153E-04  1.875073183E-03  1.859741076E-03  3.878779436E-04 
       145  1.845981169E-04  1.840171404E-03  1.827176184E-03  1.726120209E-04 
       146  1.474481105E-04  1.863742014E-03  1.877753079E-03  1.572261929E-04 
       147  1.129154407E-04  1.887400984E-03  1.869255230E-03  1.027193741E-04 
       148  7.810452371E-05  1.904457342E-03  1.922587147E-03  9.292035272E-05 
       149  2.266460433E-05  1.922277384E-03  1.913217268E-03  2.418366512E-05 
       150 -2.777565351E-05  1.934538013E-03  1.901941876E-03 -5.184226983E-05 
       151 -7.146042481E-05  1.947228215E-03  1.967698909E-03 -6.296029824E-05 
       152 -1.540440571E-04  1.966807526E-03  1.961727822E-03 -1.543619787E-04 
       153 -2.561734291E-04  1.987763448E-03  1.952891398E-03 -2.536683967E-04 
       154 -5.991325597E-04  1.999439904E-03  1.933420872E-03 -5.677151537E-04 
       155 -6.650649011E-04  1.994934166E-03  1.931035804E-03 -6.720340127E-04 
       156 -7.676386740E-04  1.987372292E-03  1.929621388E-03 -7.762373276E-04 
       157 -8.711700211E-04  1.978905173E-03  1.929185365E-03 -8.805429480E-04 
       158 -9.764723945E-04  1.967076445E-03  1.931300447E-03 -9.845805923E-04 
       159 -1.083214884E-03  1.954963664E-03  1.936006340E-03 -1.087852054E-03 
       160 -1.189284842E-03  1.944974414E-03  1.943793790E-03 -1.188405186E-03 
       161 -1.292929985E-03  1.930007013E-03  1.951891793E-03 -1.285628838E-03 
       162 -1.363893040E-03  1.916207955E-03  1.957393609E-03 -1.381319101E-03 
       163 -1.409700024E-03  1.911739237E-03  1.874523444E-03 -1.398003815E-03 
       164 -1.462833490E-03  1.911703148E-03  1.874830866E-03 -1.474881274E-03 
       165 -1.505077933E-03  1.915328903E-03  1.958062631E-03 -1.476694717E-03 
       166 -1.569023123E-03  1.926351688E-03  1.951318214E-03 -1.572415930E-03 
