cellnumber     x-coordinate     y-coordinate     y-coordinate     x-coordinate 
         1 -4.756841809E-03  1.720838482E-03  1.733014863E-03 -4.751042280E-03 
         2 -4.663576372E-03  1.677791472E-03  1.699540036E-03 -4.656901390E-03 
         3 -4.597882740E-03  1.628702274E-03  1.673160894E-03 -4.552765745E-03 
         4 -4.547338933E-03  1.582462573E-03  1.529913275E-03 -4.582446148E-03 
         5 -4.462241661E-03  1.498613274E-03  1.513963935E-03 -4.457896886E-03 
         6 -4.404930398E-03  1.433627098E-03  1.360951186E-03 -4.466117424E-03 
         7 -4.353123717E-03  1.362399082E-03  1.369775177E-03 -4.330295805E-03 
         8 -4.272229038E-03  1.200160710E-03  1.192225797E-03 -4.298919925E-03 
         9 -4.275279120E-03  9.608711116E-04  9.626902770E-04 -4.276328176E-03 
        10 -4.329712596E-03  7.958877832E-04  7.439251975E-04 -4.254512371E-03 
        11 -4.369106144E-03  7.565810229E-04  7.053471190E-04 -4.362237739E-03 
        12 -4.425493069E-03  7.012842107E-04  7.589081931E-04 -4.482366716E-03 
        13 -4.516392946E-03  5.907054874E-04  5.608407806E-04 -4.500182448E-03 
        14 -4.612790421E-03  4.940543440E-04  5.751065237E-04 -4.656015426E-03 
        15 -4.709129222E-03  4.455811868E-04  4.125673128E-04 -4.687068236E-03 
        16 -4.808853380E-03  4.030834243E-04  4.485512109E-04 -4.827757940E-03 
        17 -4.873073194E-03  3.680381924E-04  3.161734948E-04 -4.837980414E-03 
        18 -4.953576718E-03  3.239783400E-04  3.308147011E-04 -4.955415403E-03 
        19 -5.047555082E-03  2.788488055E-04  3.329794739E-04 -5.075513171E-03 
        20 -5.102783907E-03  2.475152141E-04  1.990133198E-04 -5.060702592E-03 
        21 -5.176804494E-03  2.101196005E-04  1.933696831E-04 -5.173974200E-03 
        22 -5.283038598E-03  1.740132138E-04  1.793242986E-04 -5.284524684E-03 
        23 -6.126001012E-03  1.985715004E-03  1.944167968E-03 -6.138718099E-03 
        24 -6.034587044E-03  1.960635884E-03  1.948080179E-03 -6.036384771E-03 
        25 -5.938336719E-03  1.947180601E-03  1.952643376E-03 -5.937578608E-03 
        26 -5.842859391E-03  1.943876268E-03  1.950483939E-03 -5.840505752E-03 
        27 -5.743354093E-03  1.942931558E-03  1.944291145E-03 -5.741907226E-03 
        28 -5.640354007E-03  1.942571485E-03  1.936661234E-03 -5.640823781E-03 
        29 -5.535481498E-03  1.941214781E-03  1.932288155E-03 -5.536746068E-03 
        30 -5.430953577E-03  1.935719978E-03  1.930799866E-03 -5.431590773E-03 
        31 -5.326028913E-03  1.916756388E-03  1.931409215E-03 -5.326042501E-03 
        32 -5.250916351E-03  1.885671052E-03  1.934327000E-03 -5.221331158E-03 
        33 -5.195901264E-03  1.858765609E-03  1.806866697E-03 -5.215519503E-03 
        34 -5.106721539E-03  1.833214425E-03  1.821575003E-03 -5.106552133E-03 
        35 -5.019881763E-03  1.804205356E-03  1.838856195E-03 -5.007557313E-03 
        36 -4.969848320E-03  1.785243861E-03  1.736516828E-03 -4.983996371E-03 
        37 -4.911380820E-03  1.758420607E-03  1.761993131E-03 -4.909665027E-03 
        38 -4.868096672E-03  1.735283760E-03  1.690932956E-03 -4.870516531E-03 
        39 -4.832464736E-03  1.734164194E-03  1.762901337E-03 -4.832205758E-03 
        40 -6.601672620E-03  1.100819190E-05  5.527185840E-05 -6.640630413E-03 
        41 -6.544093136E-03  2.885003596E-05  4.872757658E-05 -6.545017618E-03 
        42 -6.445757113E-03  3.019520227E-05  4.874166777E-05 -6.448031453E-03 
        43 -6.344161928E-03  1.868725849E-05  5.285901885E-05 -6.349655635E-03 
        44 -6.241705734E-03  9.063321158E-06  5.797063282E-05 -6.249329998E-03 
        45 -6.140070967E-03  5.732026693E-06  6.211032921E-05 -6.147200541E-03 
        46 -6.039156578E-03  9.070667147E-06  6.627403822E-05 -6.043387808E-03 
        47 -5.937881302E-03  2.390273039E-05  6.868406450E-05 -5.938978828E-03 
        48 -5.834586918E-03  4.633214849E-05  6.710090730E-05 -5.834726738E-03 
        49 -5.730578210E-03  6.489468069E-05  6.005380669E-05 -5.732217633E-03 
        50 -5.648095161E-03  8.720537153E-05  5.134376603E-05 -5.633311034E-03 
        51 -5.598102231E-03  1.055117900E-04  1.570969660E-04 -5.618598688E-03 
        52 -5.538949277E-03  1.243822335E-04  1.324680752E-04 -5.537501702E-03 
        53 -5.461129360E-03  1.396950538E-04  1.328127564E-04 -5.458590871E-03 
        54 -5.379335023E-03  1.497136545E-04  1.568761817E-04 -5.380775277E-03 
