cellnumber     x-coordinate     y-coordinate     y-coordinate     x-coordinate 
         1 -7.025721483E-03  1.976467902E-03  1.945684832E-03 -7.039325207E-03 
         2 -6.940588821E-03  1.953307306E-03  1.949177057E-03 -6.940937222E-03 
         3 -6.844503339E-03  1.953497296E-03  1.951895744E-03 -6.844616968E-03 
         4 -6.751100067E-03  1.941892668E-03  1.949864175E-03 -6.748831175E-03 
         5 -6.682011299E-03  1.911526197E-03  1.945437433E-03 -6.647916601E-03 
         6 -6.632319652E-03  1.876201015E-03  1.831444433E-03 -6.667983624E-03 
         7 -6.565299816E-03  1.829171553E-03  1.830409732E-03 -6.564453132E-03 
         8 -6.514928769E-03  1.786338631E-03  1.827335805E-03 -6.464313164E-03 
         9 -6.462940946E-03  1.745035406E-03  1.724121253E-03 -6.469780340E-03 
        10 -6.389739923E-03  1.685408410E-03  1.713288207E-03 -6.369924784E-03 
        11 -6.343363319E-03  1.622873242E-03  1.603446990E-03 -6.381970435E-03 
        12 -6.316985469E-03  1.568241161E-03  1.601083119E-03 -6.275534843E-03 
        13 -6.285382900E-03  1.489060465E-03  1.485125637E-03 -6.285096488E-03 
        14 -6.227352656E-03  1.388911158E-03  1.368022723E-03 -6.245072025E-03 
        15 -6.151387002E-03  1.283241552E-03  1.292113620E-03 -6.112939507E-03 
        16 -7.198038045E-03  5.766843287E-07  6.336323276E-05 -7.254607759E-03 
        17 -7.148569450E-03  2.171965207E-05  6.824591689E-05 -7.153025150E-03 
        18 -7.048007566E-03  5.717699969E-05  7.130261585E-05 -7.048670775E-03 
        19 -6.955966819E-03  1.068966303E-04  7.181474448E-05 -6.944535300E-03 
        20 -6.901421584E-03  1.514289470E-04  2.110962255E-04 -6.939299738E-03 
        21 -6.828247104E-03  2.151284862E-04  2.053739688E-04 -6.827119103E-03 
        22 -6.764257327E-03  2.733869478E-04  3.403318317E-04 -6.808069489E-03 
        23 -6.697062403E-03  3.256731143E-04  3.230132284E-04 -6.689247263E-03 
        24 -6.613095757E-03  3.921499301E-04  4.597521879E-04 -6.649444037E-03 
        25 -6.524024066E-03  4.513798340E-04  4.201689543E-04 -6.505897037E-03 
        26 -6.379011553E-03  5.581412697E-04  5.786337122E-04 -6.437058422E-03 
        27 -6.294214632E-03  6.360984407E-04  7.587672534E-04 -6.396100693E-03 
        28 -6.219629664E-03  7.503771340E-04  7.464105249E-04 -6.178823204E-03 
        29 -6.134033669E-03  9.409073973E-04  9.455946914E-04 -6.173689913E-03 
        30 -6.114558317E-03  1.125139068E-03  1.135741255E-03 -6.159382202E-03 
