cellnumber     x-coordinate     y-coordinate     y-coordinate     x-coordinate 
         1 -5.124373827E-03  1.158791361E-03  1.130713775E-03 -5.038551626E-03 
         2 -5.130550358E-03  1.061126823E-03  1.073524089E-03 -5.236292296E-03 
         3 -5.172565114E-03  9.206240647E-04  9.152959660E-04 -5.163357315E-03 
         4 -5.220183637E-03  8.228956140E-04  8.540092722E-04 -5.274155294E-03 
         5 -5.272629205E-03  7.417710731E-04  7.411383106E-04 -5.259267181E-03 
         6 -5.323684309E-03  6.663200911E-04  5.997411662E-04 -5.242738207E-03 
         7 -5.415230524E-03  5.719924811E-04  5.753470965E-04 -5.412148703E-03 
         8 -6.698457524E-03  1.995326951E-03  1.949864175E-03 -6.748831175E-03 
         9 -6.640470587E-03  1.992319943E-03  1.945437433E-03 -6.647916601E-03 
        10 -6.557038520E-03  1.996993087E-03  1.943884588E-03 -6.546492771E-03 
        11 -6.430110894E-03  1.990567660E-03  1.940514493E-03 -6.446167279E-03 
        12 -6.339426618E-03  1.968680648E-03  1.941039642E-03 -6.343202304E-03 
        13 -6.239966955E-03  1.951506361E-03  1.942084476E-03 -6.241432963E-03 
        14 -6.138616242E-03  1.939649810E-03  1.944167968E-03 -6.138718099E-03 
        15 -6.055139005E-03  1.915205037E-03  1.948080179E-03 -6.036384771E-03 
        16 -6.005233154E-03  1.892646658E-03  1.840988043E-03 -6.041242266E-03 
        17 -5.947877187E-03  1.868103514E-03  1.858889948E-03 -5.948303515E-03 
        18 -5.866037216E-03  1.848030486E-03  1.853985312E-03 -5.862772109E-03 
        19 -5.775239784E-03  1.836799318E-03  1.826236364E-03 -5.777403837E-03 
        20 -5.673525855E-03  1.806203043E-03  1.808539634E-03 -5.673749247E-03 
        21 -5.591392051E-03  1.760103041E-03  1.799469955E-03 -5.559921924E-03 
        22 -5.538459867E-03  1.717914711E-03  1.671269306E-03 -5.580662973E-03 
        23 -5.467204843E-03  1.651188359E-03  1.665005591E-03 -5.456116609E-03 
        24 -5.407347810E-03  1.586663187E-03  1.533810060E-03 -5.465691708E-03 
        25 -5.345840007E-03  1.527907094E-03  1.542027709E-03 -5.318448752E-03 
        26 -5.253871903E-03  1.418708009E-03  1.410217533E-03 -5.303904180E-03 
        27 -5.199128762E-03  1.328117913E-03  1.250021008E-03 -5.284741873E-03 
        28 -5.151659716E-03  1.253404771E-03  1.295824242E-03 -5.092100175E-03 
        29 -6.816601846E-03  2.718271935E-05  6.939597676E-05 -6.840962208E-03 
        30 -6.738956552E-03  5.545149179E-05  6.322564647E-05 -6.739235961E-03 
        31 -6.639533676E-03  5.846832209E-05  5.527185840E-05 -6.640630413E-03 
        32 -6.544883363E-03  6.063342153E-05  4.872757658E-05 -6.545017618E-03 
        33 -6.449762732E-03  5.808507922E-05  4.874166777E-05 -6.448031453E-03 
        34 -6.351487711E-03  5.903920101E-05  5.285901885E-05 -6.349655635E-03 
        35 -6.253576837E-03  8.026523574E-05  5.797063282E-05 -6.249329998E-03 
        36 -6.190905813E-03  1.098006614E-04  6.211032921E-05 -6.147200541E-03 
        37 -6.142432336E-03  1.366021461E-04  1.810521465E-04 -6.165155568E-03 
        38 -6.053526420E-03  1.693694066E-04  1.929737896E-04 -6.056549091E-03 
        39 -5.940284114E-03  2.164281468E-04  2.017288300E-04 -5.941438758E-03 
        40 -5.867833737E-03  2.555912652E-04  1.985639937E-04 -5.825569492E-03 
        41 -5.799938925E-03  2.961125283E-04  3.278412583E-04 -5.812848160E-03 
        42 -5.711252335E-03  3.450454969E-04  3.038818348E-04 -5.684171677E-03 
        43 -5.597529933E-03  4.164860584E-04  4.287034821E-04 -5.631771705E-03 
        44 -5.511279684E-03  4.751323431E-04  5.788387543E-04 -5.593354302E-03 
