cellnumber     x-coordinate     y-coordinate     y-coordinate     x-coordinate 
         1 -4.753205460E-03  1.978569897E-03  1.945594745E-03 -4.718454719E-03 
         2 -4.268242046E-03  1.990090823E-03  1.931426409E-03 -4.314333929E-03 
         3 -4.213592503E-03  1.990090590E-03  1.931636683E-03 -4.211520295E-03 
         4 -3.976146225E-03  1.990612596E-03  1.934369578E-03 -4.006508197E-03 
         5 -3.904801328E-03  1.964389347E-03  1.936141286E-03 -3.904823046E-03 
         6 -3.804254346E-03  1.945583033E-03  1.938266303E-03 -3.804586373E-03 
         7 -3.705274314E-03  1.941370545E-03  1.940709876E-03 -3.705521991E-03 
         8 -3.607492661E-03  1.938131289E-03  1.941697752E-03 -3.607061421E-03 
         9 -3.509968985E-03  1.937863184E-03  1.938766576E-03 -3.509147931E-03 
        10 -3.406154225E-03  1.936385874E-03  1.932905906E-03 -3.406640362E-03 
        11 -3.299505683E-03  1.931058010E-03  1.937228295E-03 -3.300266113E-03 
        12 -3.203046741E-03  1.925626886E-03  1.943163964E-03 -3.201366508E-03 
        13 -3.108732402E-03  1.922494965E-03  1.941788315E-03 -3.105180951E-03 
        14 -3.008996602E-03  1.923736767E-03  1.939727861E-03 -3.005310109E-03 
        15 -2.907287562E-03  1.926464494E-03  1.935561470E-03 -2.904892689E-03 
        16 -2.803964075E-03  1.925908844E-03  1.932500257E-03 -2.802616471E-03 
        17 -2.701311372E-03  1.921515679E-03  1.932111083E-03 -2.699786421E-03 
        18 -5.004304112E-04  1.525257714E-03  1.448220003E-03 -5.558165841E-04 
        19 -4.306637857E-04  1.491230913E-03  1.489304343E-03 -4.297481232E-04 
        20 -3.588780528E-04  1.454665791E-03  1.381372799E-03 -4.043495227E-04 
        21 -3.188435512E-04  1.422841800E-03  1.439036393E-03 -2.909839835E-04 
        22 -2.682544873E-04  1.351551968E-03  1.364176652E-03 -2.530347843E-04 
        23 -2.529113262E-04  1.299295342E-03  1.305978132E-03 -1.997448593E-04 
        24 -2.463579876E-04  1.222648658E-03  1.214075332E-03 -2.774100338E-04 
        25 -2.404181578E-04  1.150696538E-03  1.186665159E-03 -1.857204813E-04 
        26 -2.491013438E-04  1.101553091E-03  1.100675346E-03 -2.128583458E-04 
        27 -2.596452541E-04  1.054985798E-03  1.017233163E-03 -2.253046925E-04 
        28 -2.746472310E-04  1.009881846E-03  1.010152308E-03 -3.058744764E-04 
        29 -3.079936141E-04  9.166742093E-04  9.194035583E-04 -3.080464921E-04 
        30 -3.295911592E-04  8.574633393E-04  8.466512035E-04 -2.918104245E-04 
        31 -3.497357247E-04  8.045973373E-04  7.972962877E-04 -3.509932191E-04 
        32 -1.036577625E-03  4.544419353E-04  4.574421966E-04 -1.037019887E-03 
        33 -9.209581185E-04  4.862733185E-04  4.503369846E-04 -9.099846602E-04 
        34 -8.571889484E-04  5.125013413E-04  5.772724204E-04 -9.029988690E-04 
        35 -7.791449898E-04  5.341679789E-04  5.599454831E-04 -7.762837803E-04 
        36 -6.500988384E-04  5.761533394E-04  5.572273361E-04 -6.504857892E-04 
        37 -5.690366961E-04  6.108237430E-04  5.477493831E-04 -5.305446947E-04 
        38 -5.021675024E-04  6.465624901E-04  7.111312742E-04 -5.128033394E-04 
        39 -4.105381959E-04  7.159850211E-04  6.864709850E-04 -3.936247271E-04 
        40 -2.433970338E-03  1.726553455E-04  2.201922154E-04 -2.440115159E-03 
        41 -2.326193033E-03  1.943320531E-04  2.186625499E-04 -2.328098011E-03 
        42 -2.216242021E-03  2.120538411E-04  2.112852275E-04 -2.217161031E-03 
        43 -2.120247111E-03  2.397700737E-04  1.989077107E-04 -2.110429041E-03 
        44 -2.066017827E-03  2.623060427E-04  3.312500706E-04 -2.099126022E-03 
        45 -1.995774684E-03  2.830410958E-04  3.029544401E-04 -1.995195726E-03 
        46 -1.922477037E-03  3.103068157E-04  2.684268258E-04 -1.906429243E-03 
        47 -1.850961242E-03  3.305334249E-04  3.519095714E-04 -1.855315360E-03 
        48 -1.743486850E-03  3.480252053E-04  3.893469520E-04 -1.756236354E-03 
        49 -1.636564266E-03  3.658047062E-04  3.987650529E-04 -1.637128831E-03 
        50 -1.512165414E-03  3.855869290E-04  3.957838067E-04 -1.512344797E-03 
        51 -1.409822027E-03  3.966650111E-04  3.575266357E-04 -1.405965067E-03 
        52 -1.302780933E-03  4.118651559E-04  4.244326933E-04 -1.305797156E-03 
        53 -1.164484769E-03  4.350743548E-04  4.548834980E-04 -1.167276196E-03 
        54 -2.600204432E-03  1.911881147E-03  1.933004749E-03 -2.597631251E-03 
        55 -2.499843016E-03  1.894121175E-03  1.934575948E-03 -2.495273050E-03 
        56 -2.432144713E-03  1.877475763E-03  1.936099255E-03 -2.392953671E-03 
        57 -2.381558763E-03  1.868977211E-03  1.814425294E-03 -2.403696474E-03 
        58 -2.295711543E-03  1.859700307E-03  1.814740996E-03 -2.299235548E-03 
        59 -2.189600607E-03  1.844391925E-03  1.808920785E-03 -2.191616715E-03 
        60 -2.082002815E-03  1.824864303E-03  1.800316934E-03 -2.082469901E-03 
        61 -1.973000122E-03  1.806749497E-03  1.794137860E-03 -1.972503144E-03 
        62 -1.863427693E-03  1.789123402E-03  1.793465804E-03 -1.863882839E-03 
        63 -1.770672388E-03  1.759726671E-03  1.802582779E-03 -1.752611386E-03 
        64 -1.699943678E-03  1.732552308E-03  1.673647406E-03 -1.725666230E-03 
        65 -1.599591225E-03  1.706869458E-03  1.714492021E-03 -1.604933788E-03 
        66 -1.528726425E-03  1.688256511E-03  1.615152290E-03 -1.546052270E-03 
        67 -2.539513400E-03  1.512279123E-04  2.134558165E-04 -2.551091762E-03 
        68 -2.644364256E-03  1.359759190E-04  1.989311877E-04 -2.660682491E-03 
        69 -2.748528495E-03  1.257764961E-04  1.782028234E-04 -2.766268784E-03 
        70 -2.848634729E-03  1.179356113E-04  1.519967680E-04 -2.860687855E-03 
        71 -2.937067067E-03  1.143005138E-04  1.245868552E-04 -2.938612863E-03 
        72 -3.017286537E-03  1.094613326E-04  1.214414492E-04 -3.016459697E-03 
        73 -3.089581849E-03  1.011321510E-04  1.454524803E-04 -3.098442181E-03 
        74 -3.139033215E-03  9.030020738E-05  4.724476742E-05 -3.112842704E-03 
        75 -3.207429079E-03  7.446112431E-05  5.527762229E-05 -3.210920916E-03 
        76 -3.311055712E-03  6.344445137E-05  6.199954715E-05 -3.311930414E-03 
        77 -3.415725892E-03  6.012725862E-05  6.462525821E-05 -3.415662322E-03 
        78 -3.520284779E-03  5.889284512E-05  6.380833434E-05 -3.520089625E-03 
        79 -3.624391044E-03  5.909476749E-05  5.980250934E-05 -3.623612789E-03 
        80 -3.724922426E-03  6.090818351E-05  5.360691041E-05 -3.723738008E-03 
        81 -3.822749481E-03  6.039530490E-05  5.102335929E-05 -3.822366682E-03 
        82 -3.920693882E-03  5.593943206E-05  5.225894635E-05 -3.921222529E-03 
        83 -4.020341206E-03  4.733042806E-05  5.689246147E-05 -4.020525214E-03 
        84 -4.122447688E-03  2.464519457E-05  6.073745610E-05 -4.121556536E-03 
        85 -4.200835247E-03  3.891050710E-06  6.198469455E-05 -4.222944128E-03 
        86 -4.347892478E-03  3.868976364E-06  6.007520483E-05 -4.324261684E-03 
        87 -4.383792635E-03  3.868976364E-06  5.780932662E-05 -4.424947168E-03 
        88 -5.069441162E-03  1.554683877E-05  6.693967668E-05 -5.041680553E-03 
        89 -5.123697687E-03  1.554683877E-05  6.473279037E-05 -5.145436630E-03 
        90 -4.996363539E-03  1.978403889E-03  1.944484711E-03 -5.017463170E-03 
        91 -4.918133374E-03  1.955422573E-03  1.948290908E-03 -4.918495029E-03 
        92 -4.818703979E-03  1.955588348E-03  1.948353827E-03 -4.818912674E-03 
        93 -5.661313189E-04  1.552741160E-03  1.567929060E-03 -5.672376883E-04 
        94 -6.757738884E-04  1.590737607E-03  1.542117418E-03 -6.937938242E-04 
        95 -7.380955503E-04  1.611657208E-03  1.667847002E-03 -6.926314843E-04 
        96 -8.150269859E-04  1.637151814E-03  1.656712271E-03 -8.141139273E-04 
        97 -9.359846008E-04  1.658485737E-03  1.655000201E-03 -9.367739545E-04 
        98 -1.058639260E-03  1.670887345E-03  1.662749056E-03 -1.061101053E-03 
        99 -1.183833112E-03  1.682121074E-03  1.684159892E-03 -1.181330519E-03 
       100 -1.287052990E-03  1.680226997E-03  1.719080360E-03 -1.288943175E-03 
       101 -1.358889160E-03  1.675867708E-03  1.616039874E-03 -1.358988624E-03 
       102 -1.458003768E-03  1.682769042E-03  1.685995259E-03 -1.449680351E-03 
