cellnumber     x-coordinate     y-coordinate     y-coordinate     x-coordinate 
         1 -4.732049536E-03  1.822069986E-03  1.837029221E-03 -4.729127308E-03 
         2 -4.635029472E-03  1.807685825E-03  1.821740042E-03 -4.632239029E-03 
         3 -4.534999840E-03  1.787605113E-03  1.807912195E-03 -4.531995633E-03 
         4 -4.449822474E-03  1.751160482E-03  1.797647946E-03 -4.429016043E-03 
         5 -4.399540368E-03  1.720302040E-03  1.657996434E-03 -4.444046329E-03 
         6 -4.328494892E-03  1.685014344E-03  1.654899741E-03 -4.330955500E-03 
         7 -4.237074871E-03  1.624905504E-03  1.658292612E-03 -4.217215576E-03 
         8 -4.178985953E-03  1.576122595E-03  1.523675039E-03 -4.213560722E-03 
         9 -4.112972412E-03  1.513386727E-03  1.531230317E-03 -4.100202978E-03 
        10 -4.053496290E-03  1.452003024E-03  1.408366623E-03 -4.089285426E-03 
        11 -4.002969246E-03  1.393639017E-03  1.411666701E-03 -3.982208182E-03 
        12 -3.948769066E-03  1.315423637E-03  1.302136837E-03 -3.974723718E-03 
        13 -3.912624437E-03  1.251678797E-03  1.279133794E-03 -3.873912436E-03 
        14 -3.885077313E-03  1.162518514E-03  1.165475877E-03 -3.890894747E-03 
        15 -3.873773851E-03  1.042924821E-03  1.052445936E-03 -3.917634001E-03 
        16 -3.887908766E-03  9.110001847E-04  9.121835981E-04 -3.931950628E-03 
        17 -3.955304157E-03  7.708118064E-04  7.473452839E-04 -3.918867149E-03 
        18 -4.029381089E-03  6.847026525E-04  7.503230097E-04 -4.092622937E-03 
        19 -4.106445238E-03  6.257419591E-04  5.845505361E-04 -4.086081012E-03 
        20 -4.225323442E-03  5.438467488E-04  5.792004416E-04 -4.226489920E-03 
        21 -4.292724654E-03  4.990493762E-04  5.684697442E-04 -4.358232503E-03 
        22 -4.349117633E-03  4.568439617E-04  4.257619191E-04 -4.341999628E-03 
        23 -4.464275204E-03  3.924797347E-04  4.007218101E-04 -4.470482238E-03 
        24 -4.586208612E-03  3.514614364E-04  3.463146793E-04 -4.574368077E-03 
        25 -4.653594457E-03  3.311073233E-04  4.125673128E-04 -4.687068236E-03 
        26 -4.722462967E-03  2.933217038E-04  2.909377611E-04 -4.723329979E-03 
        27 -4.797348753E-03  2.537784167E-04  3.161734948E-04 -4.837980414E-03 
        28 -4.852511920E-03  2.243619965E-04  1.899614240E-04 -4.839295510E-03 
        29 -4.947753157E-03  1.872251160E-04  1.975887156E-04 -4.949121145E-03 
        30 -5.055290181E-03  1.580876851E-04  1.990133198E-04 -5.060702592E-03 
        31 -5.135392305E-03  1.351309329E-04  1.933696831E-04 -5.173974200E-03 
        32 -5.185397342E-03  1.159670719E-04  6.473279037E-05 -5.145436630E-03 
        33 -5.259654485E-03  9.866631444E-05  5.901185833E-05 -5.247603241E-03 
        34 -6.196186412E-03  1.992313657E-03  1.942084476E-03 -6.241432963E-03 
        35 -6.134390831E-03  1.983222784E-03  1.944167968E-03 -6.138718099E-03 
        36 -6.033471785E-03  1.974786632E-03  1.948080179E-03 -6.036384771E-03 
        37 -5.936278962E-03  1.962282695E-03  1.952643376E-03 -5.937578608E-03 
        38 -5.840087309E-03  1.955173677E-03  1.950483939E-03 -5.840505752E-03 
        39 -5.741151050E-03  1.950984471E-03  1.944291145E-03 -5.741907226E-03 
        40 -5.639170296E-03  1.947298180E-03  1.936661234E-03 -5.640823781E-03 
        41 -5.534822587E-03  1.944972319E-03  1.932288155E-03 -5.536746068E-03 
        42 -5.430286750E-03  1.942555071E-03  1.930799866E-03 -5.431590773E-03 
        43 -5.325379316E-03  1.940227230E-03  1.931409215E-03 -5.326042501E-03 
        44 -5.220768973E-03  1.936417772E-03  1.934327000E-03 -5.221331158E-03 
        45 -5.116662942E-03  1.921571908E-03  1.938990709E-03 -5.118253907E-03 
        46 -5.047207233E-03  1.898153452E-03  1.944484711E-03 -5.017463170E-03 
        47 -4.996521864E-03  1.878484385E-03  1.838856195E-03 -5.007557313E-03 
        48 -4.918124527E-03  1.858891686E-03  1.850246914E-03 -4.917136210E-03 
        49 -4.826283082E-03  1.838283497E-03  1.848904220E-03 -4.824341183E-03 
        50 -6.430437788E-03  8.561265531E-06  4.874166777E-05 -6.448031453E-03 
        51 -6.346754264E-03  8.561265531E-06  5.285901885E-05 -6.349655635E-03 
        52 -5.816602148E-03  1.589297426E-05  6.710090730E-05 -5.834726738E-03 
        53 -5.732231308E-03  4.499309216E-05  6.005380669E-05 -5.732217633E-03 
        54 -5.631441716E-03  6.635909813E-05  5.134376603E-05 -5.633311034E-03 
        55 -5.557544064E-03  8.280777547E-05  4.459777306E-05 -5.537449764E-03 
        56 -5.514574703E-03  9.309652523E-05  1.324680752E-04 -5.537501702E-03 
        57 -5.452762358E-03  9.766934090E-05  1.328127564E-04 -5.458590871E-03 
        58 -5.388058722E-03  1.008847103E-04  1.568761817E-04 -5.380775277E-03 
        59 -5.338999908E-03  9.730536840E-05  5.082560188E-05 -5.345947182E-03 
