cellnumber     x-coordinate     y-coordinate     y-coordinate     x-coordinate 
         1 -4.724199884E-03  1.883464167E-03  1.837029221E-03 -4.729127308E-03 
         2 -4.626625683E-03  1.866598031E-03  1.821740042E-03 -4.632239029E-03 
         3 -4.527854733E-03  1.845448161E-03  1.807912195E-03 -4.531995633E-03 
         4 -4.426661413E-03  1.823545201E-03  1.797647946E-03 -4.429016043E-03 
         5 -4.322317895E-03  1.804626780E-03  1.792723670E-03 -4.323207242E-03 
         6 -4.216028843E-03  1.783353393E-03  1.794125837E-03 -4.216180712E-03 
         7 -4.131572321E-03  1.750595518E-03  1.798024719E-03 -4.110175632E-03 
         8 -4.078065511E-03  1.723304158E-03  1.663210260E-03 -4.107288071E-03 
         9 -4.001078196E-03  1.695981948E-03  1.667676903E-03 -3.999457579E-03 
        10 -3.901254386E-03  1.641701325E-03  1.672828234E-03 -3.894356398E-03 
        11 -3.844826482E-03  1.600164338E-03  1.536702141E-03 -3.881057980E-03 
        12 -3.774009645E-03  1.551657799E-03  1.541560749E-03 -3.773727553E-03 
        13 -3.694141982E-03  1.493528485E-03  1.557225594E-03 -3.664867491E-03 
        14 -3.624246921E-03  1.429911470E-03  1.395346094E-03 -3.636548148E-03 
        15 -3.540001344E-03  1.343841315E-03  1.401004979E-03 -3.501411735E-03 
        16 -3.468799405E-03  1.200107858E-03  1.201901849E-03 -3.484844302E-03 
        17 -3.444882808E-03  9.741980466E-04  9.839461606E-04 -3.501481921E-03 
        18 -3.545666812E-03  7.624084246E-04  7.712934869E-04 -3.539878169E-03 
        19 -3.640594892E-03  6.649708375E-04  7.721813382E-04 -3.729120565E-03 
        20 -3.730123164E-03  5.840508966E-04  5.601726403E-04 -3.722353444E-03 
        21 -3.852121066E-03  4.873352591E-04  5.633034030E-04 -3.909132129E-03 
        22 -3.961221781E-03  4.389921378E-04  4.113336370E-04 -3.939257317E-03 
        23 -4.082802683E-03  3.939126909E-04  4.381679116E-04 -4.093871364E-03 
        24 -4.147842526E-03  3.662365489E-04  3.093989089E-04 -4.104616550E-03 
        25 -4.218858667E-03  3.343075223E-04  3.094673853E-04 -4.219473331E-03 
        26 -4.329489078E-03  2.974884701E-04  2.998572884E-04 -4.329756886E-03 
        27 -4.434304312E-03  2.727460233E-04  2.808978991E-04 -4.434007076E-03 
        28 -4.530742764E-03  2.514880616E-04  2.521377413E-04 -4.528570380E-03 
        29 -4.612437915E-03  2.287350944E-04  2.551208485E-04 -4.622732314E-03 
        30 -4.663219675E-03  2.069189941E-04  1.616752654E-04 -4.629131117E-03 
        31 -4.730612971E-03  1.775591809E-04  1.772254117E-04 -4.732403490E-03 
        32 -4.829188343E-03  1.429507538E-04  1.899614240E-04 -4.839295510E-03 
        33 -4.881639965E-03  1.231470815E-04  6.405840120E-05 -4.833593435E-03 
        34 -4.940181039E-03  9.848726040E-05  6.643712700E-05 -4.937359311E-03 
        35 -5.042810459E-03  7.428712706E-05  6.693967668E-05 -5.041680553E-03 
        36 -5.146407988E-03  6.676648627E-05  6.473279037E-05 -5.145436630E-03 
        37 -5.250382703E-03  6.498264702E-05  5.901185833E-05 -5.247603241E-03 
        38 -6.025484297E-03  1.984918490E-03  1.948080179E-03 -6.036384771E-03 
        39 -5.935157649E-03  1.967985881E-03  1.952643376E-03 -5.937578608E-03 
        40 -5.836025812E-03  1.970962388E-03  1.950483939E-03 -5.840505752E-03 
        41 -5.732276477E-03  1.983209746E-03  1.944291145E-03 -5.741907226E-03 
        42 -5.628662650E-03  1.990804914E-03  1.936661234E-03 -5.640823781E-03 
        43 -5.528611131E-03  1.978138462E-03  1.932288155E-03 -5.536746068E-03 
        44 -5.428545177E-03  1.955627231E-03  1.930799866E-03 -5.431590773E-03 
        45 -5.325185601E-03  1.943308278E-03  1.931409215E-03 -5.326042501E-03 
        46 -5.220788065E-03  1.938159578E-03  1.934327000E-03 -5.221331158E-03 
        47 -5.117154215E-03  1.931207837E-03  1.938990709E-03 -5.118253907E-03 
        48 -5.015965085E-03  1.919337781E-03  1.944484711E-03 -5.017463170E-03 
        49 -4.920954816E-03  1.904673292E-03  1.948290908E-03 -4.918495029E-03 
        50 -4.873507190E-03  1.897343085E-03  1.850246914E-03 -4.917136210E-03 
        51 -4.822204355E-03  1.893891953E-03  1.848904220E-03 -4.824341183E-03 
        52 -6.291223224E-03  4.133470668E-07  5.285901885E-05 -6.349655635E-03 
        53 -6.287256721E-03  4.133470668E-07  5.797063282E-05 -6.249329998E-03 
        54 -5.712248385E-03  1.808084744E-05  6.005380669E-05 -5.732217633E-03 
        55 -5.632758606E-03  4.634915967E-05  5.134376603E-05 -5.633311034E-03 
        56 -5.538458005E-03  6.349740579E-05  4.459777306E-05 -5.537449764E-03 
        57 -5.447454285E-03  7.072169683E-05  4.492314267E-05 -5.441885650E-03 
        58 -5.351739936E-03  6.809592014E-05  5.082560188E-05 -5.345947182E-03 
