cellnumber     x-coordinate     y-coordinate     y-coordinate     x-coordinate 
         1 -4.721845966E-03  1.907661790E-03  1.945594745E-03 -4.718454719E-03 
         2 -4.621406086E-03  1.915354747E-03  1.941195501E-03 -4.618455788E-03 
         3 -4.520813469E-03  1.912174630E-03  1.936762355E-03 -4.517952941E-03 
         4 -4.420192447E-03  1.892636530E-03  1.933136697E-03 -4.416522146E-03 
         5 -4.359535407E-03  1.870761276E-03  1.931426409E-03 -4.314333929E-03 
         6 -4.308297765E-03  1.851792913E-03  1.792723670E-03 -4.323207242E-03 
         7 -4.214878194E-03  1.826775610E-03  1.794125837E-03 -4.216180712E-03 
         8 -4.109945614E-03  1.805353793E-03  1.798024719E-03 -4.110175632E-03 
         9 -4.004814196E-03  1.784640946E-03  1.802305617E-03 -4.005445002E-03 
        10 -3.924367484E-03  1.756902086E-03  1.806644950E-03 -3.902767296E-03 
        11 -3.872759873E-03  1.734816818E-03  1.672828234E-03 -3.894356398E-03 
        12 -3.797888989E-03  1.713610254E-03  1.681510245E-03 -3.794299263E-03 
        13 -3.697258653E-03  1.673852792E-03  1.695610767E-03 -3.698603814E-03 
        14 -3.639210016E-03  1.644675969E-03  1.557225594E-03 -3.664867491E-03 
        15 -3.547357395E-03  1.607003622E-03  1.592142604E-03 -3.541097551E-03 
        16 -3.422660753E-03  1.547635533E-03  1.623717263E-03 -3.387622595E-03 
        17 -3.316690214E-03  1.459896681E-03  1.416834299E-03 -3.338769042E-03 
        18 -3.220103914E-03  1.346108038E-03  1.406012424E-03 -3.169853298E-03 
        19 -3.164695809E-03  1.191008603E-03  1.191144535E-03 -3.161456924E-03 
        20 -3.169356845E-03  9.771971963E-04  9.807070362E-04 -3.144110348E-03 
        21 -3.204295412E-03  8.548817132E-04  7.803288814E-04 -3.119346320E-03 
        22 -3.277781885E-03  7.657876122E-04  7.585341475E-04 -3.283911667E-03 
        23 -3.376670647E-03  6.648564595E-04  7.053705023E-04 -3.399912811E-03 
        24 -3.438999644E-03  6.141242920E-04  5.701673312E-04 -3.396885135E-03 
        25 -3.542132908E-03  5.411551101E-04  5.725034773E-04 -3.548979159E-03 
        26 -3.626124468E-03  4.895699676E-04  5.601726403E-04 -3.722353444E-03 
        27 -3.709735582E-03  4.401553888E-04  4.063746512E-04 -3.690066537E-03 
        28 -3.820084035E-03  3.897290153E-04  3.436101291E-04 -3.820011096E-03 
        29 -3.910572268E-03  3.626965627E-04  4.113336370E-04 -3.939257317E-03 
        30 -4.005115014E-03  3.250709851E-04  2.890524311E-04 -3.988128188E-03 
        31 -4.105312284E-03  2.931794443E-04  3.093989089E-04 -4.104616550E-03 
        32 -4.218834918E-03  2.604835317E-04  3.094673853E-04 -4.219473331E-03 
        33 -4.275027197E-03  2.421831305E-04  2.998572884E-04 -4.329756886E-03 
        34 -4.326216877E-03  2.219515591E-04  1.783337167E-04 -4.324251424E-03 
        35 -4.426643718E-03  1.925496908E-04  1.690666060E-04 -4.425174748E-03 
        36 -4.527031910E-03  1.736791164E-04  1.589686265E-04 -4.525828870E-03 
        37 -4.628563765E-03  1.484172535E-04  1.616752654E-04 -4.629131117E-03 
        38 -4.704172257E-03  1.263687154E-04  1.772254117E-04 -4.732403490E-03 
        39 -4.755561706E-03  1.043821103E-04  6.050692886E-05 -4.730923795E-03 
        40 -4.834053107E-03  8.007225551E-05  6.405840120E-05 -4.833593435E-03 
        41 -4.937252961E-03  6.809594925E-05  6.643712700E-05 -4.937359311E-03 
        42 -5.040902179E-03  6.224160461E-05  6.693967668E-05 -5.041680553E-03 
        43 -5.144531373E-03  5.835939010E-05  6.473279037E-05 -5.145436630E-03 
        44 -5.247874185E-03  5.609163782E-05  5.901185833E-05 -5.247603241E-03 
        45 -5.931794643E-03  1.986822346E-03  1.952643376E-03 -5.937578608E-03 
        46 -5.834872369E-03  1.975875581E-03  1.950483939E-03 -5.840505752E-03 
        47 -5.739659071E-03  1.989053329E-03  1.944291145E-03 -5.741907226E-03 
        48 -5.396979395E-03  1.988301519E-03  1.930799866E-03 -5.431590773E-03 
        49 -5.323939491E-03  1.961147180E-03  1.931409215E-03 -5.326042501E-03 
        50 -5.220830906E-03  1.943193958E-03  1.934327000E-03 -5.221331158E-03 
        51 -5.117409397E-03  1.937055611E-03  1.938990709E-03 -5.118253907E-03 
        52 -5.016205832E-03  1.925698016E-03  1.944484711E-03 -5.017463170E-03 
        53 -4.918925930E-03  1.908828854E-03  1.948290908E-03 -4.918495029E-03 
        54 -4.821702372E-03  1.900555100E-03  1.948353827E-03 -4.818912674E-03 
        55 -5.626627710E-03  2.326418871E-05  5.134376603E-05 -5.633311034E-03 
        56 -5.537496414E-03  5.024210623E-05  4.459777306E-05 -5.537449764E-03 
        57 -5.444317125E-03  5.440682799E-05  4.492314267E-05 -5.441885650E-03 
        58 -5.348228384E-03  5.507793685E-05  5.082560188E-05 -5.345947182E-03 
