cellnumber     x-coordinate     y-coordinate     y-coordinate     x-coordinate 
         1 -4.699759185E-03  1.990290359E-03  1.945594745E-03 -4.718454719E-03 
         2 -4.615163431E-03  1.984368078E-03  1.941195501E-03 -4.618455788E-03 
         3 -4.513375927E-03  1.990913646E-03  1.936762355E-03 -4.517952941E-03 
         4 -4.412258044E-03  1.987406053E-03  1.933136697E-03 -4.416522146E-03 
         5 -4.311837722E-03  1.968743745E-03  1.931426409E-03 -4.314333929E-03 
         6 -4.210625309E-03  1.949393773E-03  1.931636683E-03 -4.211520295E-03 
         7 -4.108634777E-03  1.940660295E-03  1.933075753E-03 -4.109019672E-03 
         8 -4.006338306E-03  1.937736175E-03  1.934369578E-03 -4.006508197E-03 
         9 -3.904606448E-03  1.935214619E-03  1.936141286E-03 -3.904823046E-03 
        10 -3.804395907E-03  1.932008541E-03  1.938266303E-03 -3.804586373E-03 
        11 -3.706041491E-03  1.926312805E-03  1.940709876E-03 -3.705521991E-03 
        12 -3.609437030E-03  1.919653499E-03  1.941697752E-03 -3.607061421E-03 
        13 -3.513081232E-03  1.918580150E-03  1.938766576E-03 -3.509147931E-03 
        14 -3.408468561E-03  1.916119945E-03  1.932905906E-03 -3.406640362E-03 
        15 -3.303044010E-03  1.896505128E-03  1.937228295E-03 -3.300266113E-03 
        16 -3.251202172E-03  1.880785800E-03  1.809831896E-03 -3.294728159E-03 
        17 -3.206362715E-03  1.873612171E-03  1.833132486E-03 -3.204367597E-03 
        18 -3.117456567E-03  1.866212115E-03  1.835596545E-03 -3.118652356E-03 
        19 -3.021151060E-03  1.865932485E-03  1.817102320E-03 -3.031397520E-03 
        20 -2.921263920E-03  1.857633819E-03  1.804866979E-03 -2.932343393E-03 
        21 -2.819206333E-03  1.836485346E-03  1.798346128E-03 -2.825612704E-03 
        22 -2.715808572E-03  1.813761424E-03  1.796212136E-03 -2.718328058E-03 
        23 -2.450687345E-03  3.209725837E-04  3.697733932E-04 -2.454968943E-03 
        24 -2.331865951E-03  3.427192278E-04  3.662185855E-04 -2.332841970E-03 
        25 -2.210572828E-03  3.655880282E-04  3.520143230E-04 -2.212597215E-03 
        26 -2.128859283E-03  3.901128075E-04  3.312500706E-04 -2.099126022E-03 
        27 -2.064994071E-03  4.099169746E-04  4.650286524E-04 -2.072920559E-03 
        28 -1.948226476E-03  4.337847349E-04  4.173342036E-04 -1.946427311E-03 
        29 -1.852962188E-03  4.543056421E-04  5.513027783E-04 -1.889974474E-03 
        30 -1.766540809E-03  4.967253772E-04  5.081944410E-04 -1.765897384E-03 
        31 -1.648103236E-03  5.400960799E-04  5.146913914E-04 -1.643351564E-03 
        32 -1.520256978E-03  5.717698368E-04  5.452351601E-04 -1.510181627E-03 
        33 -1.409801887E-03  6.394395023E-04  5.787088589E-04 -1.353333446E-03 
        34 -1.325785182E-03  7.404211210E-04  7.955271984E-04 -1.392863480E-03 
        35 -1.237510005E-03  8.533409564E-04  8.043713499E-04 -1.175082467E-03 
        36 -1.188296359E-03  1.016950584E-03  1.014719352E-03 -1.167532673E-03 
        37 -1.211201074E-03  1.192900236E-03  1.218337260E-03 -1.160650360E-03 
        38 -1.266122796E-03  1.298801508E-03  1.240063513E-03 -1.356716946E-03 
        39 -1.338611823E-03  1.392258448E-03  1.420867578E-03 -1.300755326E-03 
        40 -1.465081470E-03  1.474690973E-03  1.503794129E-03 -1.448220929E-03 
        41 -1.560512348E-03  1.512460061E-03  1.390946185E-03 -1.615302864E-03 
        42 -1.667541335E-03  1.560284640E-03  1.546881967E-03 -1.685007620E-03 
        43 -1.772311050E-03  1.604933408E-03  1.673647406E-03 -1.725666230E-03 
        44 -1.852088724E-03  1.632357482E-03  1.652610595E-03 -1.855339528E-03 
        45 -1.974818064E-03  1.661824062E-03  1.656135306E-03 -1.975000886E-03 
        46 -2.091620350E-03  1.679495908E-03  1.670428292E-03 -2.091832782E-03 
        47 -2.203485230E-03  1.695681363E-03  1.689752994E-03 -2.203074674E-03 
        48 -2.309771953E-03  1.706187613E-03  1.706514208E-03 -2.308241856E-03 
        49 -2.409169916E-03  1.717560925E-03  1.708873001E-03 -2.409373332E-03 
        50 -2.490881132E-03  1.734800171E-03  1.694345655E-03 -2.508386553E-03 
        51 -2.542800270E-03  1.756745507E-03  1.807533011E-03 -2.506620354E-03 
        52 -2.612036886E-03  1.786623849E-03  1.799962270E-03 -2.611890894E-03 
        53 -2.566796262E-03  2.962959989E-04  3.602622400E-04 -2.576922968E-03 
        54 -2.681795042E-03  2.753564622E-04  3.375554304E-04 -2.696750642E-03 
        55 -2.798578935E-03  2.592267701E-04  3.020632581E-04 -2.813140606E-03 
        56 -2.914383775E-03  2.454950882E-04  2.514614593E-04 -2.912482779E-03 
        57 -2.986194100E-03  2.359647187E-04  1.949605707E-04 -2.983549814E-03 
        58 -3.053816734E-03  2.178115974E-04  2.440689218E-04 -3.061257662E-03 
        59 -3.121040761E-03  1.951763406E-04  1.454524803E-04 -3.098442181E-03 
        60 -3.190991236E-03  1.726342889E-04  1.685867443E-04 -3.193051086E-03 
        61 -3.301886609E-03  1.473490265E-04  1.837645910E-04 -3.297713355E-03 
        62 -3.384491894E-03  1.323939214E-04  1.897839946E-04 -3.409442843E-03 
        63 -3.439451801E-03  1.161912296E-04  6.462525821E-05 -3.415662322E-03 
        64 -3.520989092E-03  9.701167437E-05  6.380833434E-05 -3.520089625E-03 
        65 -3.626784077E-03  8.916766092E-05  5.980250934E-05 -3.623612789E-03 
        66 -3.727158997E-03  9.144240175E-05  5.360691041E-05 -3.723738008E-03 
        67 -3.823515261E-03  8.711894770E-05  5.102335929E-05 -3.822366682E-03 
        68 -3.920402844E-03  7.311709487E-05  5.225894635E-05 -3.921222529E-03 
        69 -4.019578453E-03  6.237025809E-05  5.689246147E-05 -4.020525214E-03 
        70 -4.121258389E-03  5.668988888E-05  6.073745610E-05 -4.121556536E-03 
        71 -4.223232158E-03  5.339100244E-05  6.198469455E-05 -4.222944128E-03 
        72 -4.324669018E-03  5.137067637E-05  6.007520483E-05 -4.324261684E-03 
        73 -4.425364546E-03  4.881648783E-05  5.780932662E-05 -4.424947168E-03 
        74 -4.526625387E-03  4.514049215E-05  5.596906824E-05 -4.526306414E-03 
        75 -4.627874121E-03  2.771689287E-05  5.666467444E-05 -4.629023667E-03 
        76 -4.705293104E-03  6.195519290E-06  6.050692886E-05 -4.730923795E-03 
        77 -5.282603204E-03  5.838068162E-08  5.901185833E-05 -5.247603241E-03 
        78 -5.273945630E-03  1.997653861E-03  1.931409215E-03 -5.326042501E-03 
        79 -5.220806226E-03  1.978519605E-03  1.934327000E-03 -5.221331158E-03 
        80 -5.119157489E-03  1.974282553E-03  1.938990709E-03 -5.118253907E-03 
        81 -5.061480682E-03  1.993416809E-03  1.944484711E-03 -5.017463170E-03 
        82 -5.602666177E-03  1.970160338E-05  5.134376603E-05 -5.633311034E-03 
        83 -5.536873359E-03  4.125454507E-05  4.459777306E-05 -5.537449764E-03 
        84 -5.442696624E-03  4.545450429E-05  4.492314267E-05 -5.441885650E-03 
        85 -5.338981748E-03  2.395994670E-05  5.082560188E-05 -5.345947182E-03 
