cellnumber     x-coordinate     y-coordinate     y-coordinate     x-coordinate 
         1 -4.376487806E-03  1.981611829E-03  1.933136697E-03 -4.416522146E-03 
         2 -4.312819801E-03  1.954026287E-03  1.931426409E-03 -4.314333929E-03 
         3 -4.243907984E-03  1.972414320E-03  1.931636683E-03 -4.211520295E-03 
         4 -3.362822812E-03  1.996976556E-03  1.932905906E-03 -3.406640362E-03 
         5 -3.316221992E-03  1.996976556E-03  1.937228295E-03 -3.300266113E-03 
         6 -3.095295047E-03  1.990949735E-03  1.941788315E-03 -3.105180951E-03 
         7 -2.998686861E-03  1.974975690E-03  1.939727861E-03 -3.005310109E-03 
         8 -2.899591345E-03  1.963957446E-03  1.935561470E-03 -2.904892689E-03 
         9 -2.798874164E-03  1.954487991E-03  1.932500257E-03 -2.802616471E-03 
        10 -2.697740216E-03  1.945676631E-03  1.932111083E-03 -2.699786421E-03 
        11  7.768034702E-04  1.088666249E-05  3.064314326E-05  7.819077585E-04 
        12  7.341367891E-04  1.088666249E-05  2.376551705E-05  7.244123886E-04 
        13 -1.009366708E-03  1.080386501E-04  6.636507486E-05 -1.005326591E-03 
        14 -9.094643174E-04  1.233119983E-04  6.680606303E-05 -9.013910211E-04 
        15 -8.564178133E-04  1.322165190E-04  1.984103759E-04 -9.069970064E-04 
        16 -7.962742820E-04  1.340414165E-04  1.938604447E-04 -7.950795716E-04 
        17 -6.891046651E-04  1.340708841E-04  1.869981581E-04 -6.853314307E-04 
        18 -5.832891329E-04  1.288671629E-04  1.774708527E-04 -5.775250902E-04 
        19 -4.775892885E-04  1.202730637E-04  1.637269837E-04 -4.703043525E-04 
        20 -3.762117121E-04  1.124014016E-04  1.461014197E-04 -3.694341506E-04 
        21 -2.781398071E-04  1.100458030E-04  1.281231806E-04 -2.752816664E-04 
        22 -1.839216420E-04  1.240101992E-04  1.108253011E-04 -1.840752402E-04 
        23 -1.347837679E-04  1.378587913E-04  1.824621522E-04 -1.631405136E-04 
        24 -9.428364865E-05  1.414960279E-04  1.562393313E-04 -8.961924719E-05 
        25 -4.844469004E-05  1.310651569E-04  1.429506679E-04 -2.640014050E-05 
        26 -2.087768371E-05  8.893587801E-05  8.900635807E-05 -3.160334126E-05 
        27 -3.084198568E-07  5.766947652E-05  3.067821061E-05 -2.973995391E-05 
        28  3.917552749E-05  3.947902223E-05  3.393898202E-05  4.248468120E-05 
        29  8.215168054E-05  1.192498712E-05  2.794200578E-05  1.007808420E-04 
        30 -2.418985590E-03  6.131927512E-05  7.332680564E-05 -2.420594786E-03 
        31 -2.315638820E-03  6.357988605E-05  7.311501499E-05 -2.316820890E-03 
        32 -2.212514402E-03  6.567638775E-05  7.043852328E-05 -2.213196658E-03 
        33 -2.110344591E-03  6.805264275E-05  6.674919455E-05 -2.110809722E-03 
        34 -2.008907497E-03  7.222680870E-05  6.249115734E-05 -2.009269490E-03 
        35 -1.909825485E-03  7.834007556E-05  5.855735120E-05 -1.909155614E-03 
        36 -1.811751630E-03  8.604069444E-05  5.673498202E-05 -1.809930395E-03 
        37 -1.712669502E-03  9.208387928E-05  5.515330775E-05 -1.709579807E-03 
        38 -1.612756285E-03  9.536419384E-05  5.457516422E-05 -1.609092055E-03 
        39 -1.514187083E-03  9.942611359E-05  5.383556151E-05 -1.509067679E-03 
        40 -1.417409396E-03  1.041164869E-04  5.490773208E-05 -1.410009075E-03 
        41 -1.318314113E-03  1.044028540E-04  5.715688499E-05 -1.310405891E-03 
        42 -1.216624980E-03  9.969982784E-05  6.005970237E-05 -1.209844188E-03 
        43 -1.113770995E-03  9.907858475E-05  6.361088174E-05 -1.108407631E-03 
        44 -2.596415579E-03  1.940474962E-03  1.933004749E-03 -2.597631251E-03 
        45 -2.494762419E-03  1.937002060E-03  1.934575948E-03 -2.495273050E-03 
        46 -2.393062925E-03  1.933114487E-03  1.936099255E-03 -2.392953671E-03 
        47 -2.290144796E-03  1.930110971E-03  1.936053435E-03 -2.289587949E-03 
        48 -2.185855294E-03  1.929753344E-03  1.934468811E-03 -2.185353151E-03 
        49 -2.081511775E-03  1.930771046E-03  1.932282097E-03 -2.081243068E-03 
        50 -1.977570122E-03  1.931597595E-03  1.931099759E-03 -1.977459928E-03 
        51 -1.874058275E-03  1.931478619E-03  1.931720263E-03 -1.874312453E-03 
        52 -1.770091243E-03  1.929752063E-03  1.935050064E-03 -1.771475459E-03 
        53 -1.666635741E-03  1.922113122E-03  1.942464568E-03 -1.670585838E-03 
        54  1.486656838E-03  3.089080201E-05  3.086320835E-05  1.462606141E-03 
        55  1.499461941E-03  8.306918608E-05  9.659987960E-05  1.457926661E-03 
        56  1.509079710E-03  1.129759985E-04  8.827208810E-05  1.542645135E-03 
        57  1.509704278E-03  1.274476381E-04  1.460479947E-04  1.540643245E-03 
        58  1.501899678E-03  1.564233389E-04  1.550347433E-04  1.467299926E-03 
        59  1.490359777E-03  2.077660174E-04  2.085884591E-04  1.483636853E-03 
        60  1.476161764E-03  2.592815144E-04  2.613806045E-04  1.491844116E-03 
        61  1.467760885E-03  2.889226889E-04  2.682717462E-04  1.438105037E-03 
        62  1.465054695E-03  3.002785961E-04  3.110205828E-04  1.429157492E-03 
        63  1.428512041E-03  3.834345262E-04  3.604196062E-04  1.414468662E-03 
        64  1.417654334E-03  4.208975879E-04  4.177920331E-04  1.417499052E-03 
        65  1.408868004E-03  4.561463720E-04  4.251822014E-04  1.372849306E-03 
        66  1.403998234E-03  4.860573099E-04  4.834636750E-04  1.376110206E-03 
        67  1.394396182E-03  5.308465334E-04  5.289337090E-04  1.374345985E-03 
        68  1.281682984E-03  5.877041840E-04  6.000745116E-04  1.269170627E-03 
        69  1.252737828E-03  5.724671646E-04  5.481837696E-04  1.272603813E-03 
        70  1.216297387E-03  5.593253882E-04  5.490666888E-04  1.216611316E-03 
        71  1.183851273E-03  5.648268270E-04  5.505086844E-04  1.165203791E-03 
        72  1.171556651E-03  6.082743057E-04  6.084653098E-04  1.163380102E-03 
        73  1.150774304E-03  6.611885037E-04  6.614188566E-04  1.158170883E-03 
        74  1.133322134E-03  6.850783248E-04  7.126426140E-04  1.150301930E-03 
        75  1.111231977E-03  6.985671935E-04  7.126853218E-04  1.110469354E-03 
        76  1.090471749E-03  7.679528790E-04  7.624601683E-04  1.099526786E-03 
        77  1.113994978E-03  8.023585542E-04  8.038144634E-04  1.096811606E-03 
        78  1.128816162E-03  8.300538757E-04  8.561175837E-04  1.109418916E-03 
        79  1.144230831E-03  8.536061505E-04  8.423857949E-04  1.154607389E-03 
        80  1.158727682E-03  8.935243823E-04  8.909833062E-04  1.167373771E-03 
        81  1.162055414E-03  9.166863165E-04  9.015972029E-04  1.132509972E-03 
        82 -2.522182185E-03  5.893544221E-05  7.110491468E-05 -2.524064784E-03 
        83 -2.625368070E-03  5.685659562E-05  6.600393607E-05 -2.626677037E-03 
        84 -2.728158375E-03  5.593554306E-05  5.825507198E-05 -2.727486420E-03 
        85 -2.829121659E-03  5.668868471E-05  4.912679422E-05 -2.825656849E-03 
        86 -2.925286070E-03  5.796039841E-05  4.152960011E-05 -2.921255581E-03 
        87 -3.017317737E-03  5.294769653E-05  4.077177812E-05 -3.017093035E-03 
        88 -3.113704268E-03  3.035484406E-05  4.724476742E-05 -3.112842704E-03 
        89 -3.179368330E-03  6.593394573E-06  5.527762229E-05 -3.210920916E-03 
        90 -4.644367844E-03  2.529537232E-05  5.666467444E-05 -4.629023667E-03 
        91 -4.705483094E-03  2.529537232E-05  6.050692886E-05 -4.730923795E-03 
        92  1.296902075E-03  1.563045429E-03  1.526526576E-03  1.276930017E-03 
        93  1.329697901E-03  1.522783656E-03  1.527799594E-03  1.330597811E-03 
        94  1.357451547E-03  1.488614129E-03  1.512890758E-03  1.380880745E-03 
        95  1.376669621E-03  1.461269683E-03  1.459344870E-03  1.376166446E-03 
        96  1.398142660E-03  1.421791501E-03  1.406538363E-03  1.378296231E-03 
        97  1.405128511E-03  1.397209009E-03  1.414930789E-03  1.422326113E-03 
        98  1.406573225E-03  1.379225170E-03  1.365215337E-03  1.427637522E-03 
        99  1.400140231E-03  1.353628119E-03  1.357594149E-03  1.385100291E-03 
       100  1.382934744E-03  1.318401657E-03  1.302969367E-03  1.389134369E-03 
       101  1.355453744E-03  1.294160145E-03  1.304262325E-03  1.353368930E-03 
       102  1.279389951E-03  1.174096949E-03  1.172350238E-03  1.268689728E-03 
       103  1.268718741E-03  1.121995156E-03  1.127620989E-03  1.257321610E-03 
       104  1.255271723E-03  1.088671270E-03  1.095456704E-03  1.221701181E-03 
       105  1.226742752E-03  1.065202639E-03  1.052563751E-03  1.227278995E-03 
       106  1.184319728E-03  1.038462156E-03  1.043056955E-03  1.184103585E-03 
       107  1.154074911E-03  9.309055167E-04  9.434391145E-04  1.161427390E-03 
       108  1.054939697E-03  1.555176219E-03  1.540586173E-03  1.037773567E-03 
       109  1.051655505E-03  1.589989639E-03  1.592299109E-03  1.039326032E-03 
       110  1.063016709E-03  1.647153986E-03  1.649630690E-03  1.062090514E-03 
       111  1.077652676E-03  1.700516674E-03  1.701518726E-03  1.097916249E-03 
       112  1.071905601E-03  1.770367497E-03  1.761767092E-03  1.051098779E-03 
       113  1.101710252E-03  1.838965691E-03  1.809861486E-03  1.115217514E-03 
       114  1.143255853E-03  1.862027566E-03  1.890758872E-03  1.085454211E-03 
       115  1.181980479E-03  1.878628857E-03  1.904909458E-03  1.174848944E-03 
       116  1.258755918E-03  1.893215347E-03  1.914442584E-03  1.256987177E-03 
       117  1.298249932E-03  1.890931278E-03  1.856961563E-03  1.267478446E-03 
       118  1.328818966E-03  1.879374846E-03  1.867500230E-03  1.331326106E-03 
       119  1.376616536E-03  1.865968225E-03  1.871273436E-03  1.376826709E-03 
       120  1.408980344E-03  1.862330013E-03  1.868211398E-03  1.409581679E-03 
       121  1.490120776E-03  1.983869122E-03  1.977384376E-03  1.464514448E-03 
       122  1.504818094E-03  1.963893417E-03  1.979290681E-03  1.525055689E-03 
       123  1.527399058E-03  1.941862633E-03  1.942136120E-03  1.535649528E-03 
       124  1.578884781E-03  1.935813460E-03  1.931519505E-03  1.584772875E-03 
       125  1.595926005E-03  1.972137950E-03  1.978854450E-03  1.578945755E-03 
       126  1.617107657E-03  1.994439401E-03  1.975149379E-03  1.638415993E-03 
       127  1.704099006E-03  1.973495819E-03  1.973460428E-03  1.707257894E-03 
       128  1.735105179E-03  1.916402718E-03  1.917593129E-03  1.718751741E-03 
       129  1.723296242E-03  1.865593833E-03  1.867363057E-03  1.716756957E-03 
       130  1.691190759E-03  1.839542296E-03  1.823944263E-03  1.705748553E-03 
       131  1.658856869E-03  1.830024761E-03  1.831441411E-03  1.658316801E-03 
       132  8.616683772E-04  1.896414207E-03  1.912714690E-03  8.478213595E-04 
       133  9.141451446E-04  1.895693364E-03  1.906070019E-03  9.149439262E-04 
       134  9.879164863E-04  1.862962614E-03  1.891638275E-03  9.962546383E-04 
       135  9.826070163E-04  1.832503593E-03  1.820171026E-03  9.838060608E-04 
       136  9.081900935E-04  1.837415504E-03  1.846867949E-03  9.118974599E-04 
       137  8.610227378E-04  1.868595369E-03  1.864680410E-03  8.495539732E-04 
       138  5.125419702E-04  1.984321978E-03  1.972141317E-03  5.472809736E-04 
       139  4.943622043E-04  1.962634502E-03  1.974844604E-03  4.631898431E-04 
       140  4.569760349E-04  1.922939438E-03  1.926672699E-03  4.543770204E-04 
       141  4.262528964E-04  1.886277343E-03  1.888194974E-03  4.650015219E-04 
       142  4.135328636E-04  1.857929747E-03  1.854365445E-03  4.333726697E-04 
       143  4.002525238E-04  1.829735585E-03  1.814672172E-03  4.200604828E-04 
       144  3.771302872E-04  1.813389012E-03  1.815530276E-03  3.660791114E-04 
       145  3.388222831E-04  1.790807932E-03  1.778576375E-03  3.562106028E-04 
       146  2.937847457E-04  1.781773055E-03  1.775497366E-03  2.941201200E-04 
       147  2.420335804E-04  1.789822825E-03  1.779225650E-03  2.401065689E-04 
       148  1.865315862E-04  1.799906953E-03  1.780499494E-03  1.843295540E-04 
       149  1.498004567E-04  1.803264371E-03  1.827176184E-03  1.726120209E-04 
       150  1.142019755E-04  1.812244649E-03  1.817677128E-03  1.132435071E-04 
       151  6.205650425E-05  1.822944963E-03  1.805967332E-03  5.749661979E-05 
       152  2.543831397E-05  1.832339331E-03  1.856895194E-03  3.873604122E-05 
       153 -3.159235348E-05  1.844821614E-03  1.837239083E-03 -2.807587275E-05 
       154 -8.936003724E-05  1.850766013E-03  1.799108044E-03 -1.026290357E-04 
       155 -1.397921733E-04  1.857412863E-03  1.883818147E-03 -1.349995385E-04 
       156 -2.337242477E-04  1.858124859E-03  1.860738437E-03 -2.355958718E-04 
       157 -3.478980798E-04  1.848370070E-03  1.840478751E-03 -3.480552224E-04 
       158 -4.600606917E-04  1.847529900E-03  1.821449334E-03 -4.602820078E-04 
       159 -5.713151186E-04  1.856102841E-03  1.806583953E-03 -5.736423995E-04 
       160 -6.420948775E-04  1.862887293E-03  1.796639734E-03 -6.854871096E-04 
       161 -6.945739733E-04  1.871001208E-03  1.931035804E-03 -6.720340127E-04 
       162 -7.827040972E-04  1.883850200E-03  1.929621388E-03 -7.762373276E-04 
       163 -8.874443010E-04  1.893439796E-03  1.929185365E-03 -8.805429480E-04 
       164 -9.929585503E-04  1.898807823E-03  1.931300447E-03 -9.845805923E-04 
       165 -1.100230031E-03  1.898137270E-03  1.936006340E-03 -1.087852054E-03 
       166 -1.178696053E-03  1.891470747E-03  1.943793790E-03 -1.188405186E-03 
       167 -1.231683302E-03  1.887574093E-03  1.829368103E-03 -1.233805673E-03 
       168 -1.307875616E-03  1.888298895E-03  1.852236959E-03 -1.322700402E-03 
       169 -1.395844971E-03  1.888163504E-03  1.874523444E-03 -1.398003815E-03 
       170 -1.476443838E-03  1.892347937E-03  1.874830866E-03 -1.474881274E-03 
       171 -1.545300358E-03  1.898561488E-03  1.850798777E-03 -1.553051966E-03 
       172 -1.594853471E-03  1.908047940E-03  1.951318214E-03 -1.572415930E-03 
