cellnumber     x-coordinate     y-coordinate     y-coordinate     x-coordinate 
         1 -4.718950484E-03  1.947511453E-03  1.945594745E-03 -4.718454719E-03 
         2 -4.618649371E-03  1.946052653E-03  1.941195501E-03 -4.618455788E-03 
         3 -4.517768975E-03  1.944420976E-03  1.936762355E-03 -4.517952941E-03 
         4 -4.416092299E-03  1.942538423E-03  1.933136697E-03 -4.416522146E-03 
         5 -4.313815851E-03  1.939918846E-03  1.931426409E-03 -4.314333929E-03 
         6 -4.211202264E-03  1.936386107E-03  1.931636683E-03 -4.211520295E-03 
         7 -4.108812194E-03  1.931449398E-03  1.933075753E-03 -4.109019672E-03 
         8 -4.006345291E-03  1.924845041E-03  1.934369578E-03 -4.006508197E-03 
         9 -3.904525423E-03  1.916727168E-03  1.936141286E-03 -3.904823046E-03 
        10 -3.804696957E-03  1.907180529E-03  1.938266303E-03 -3.804586373E-03 
        11 -3.707665717E-03  1.894570421E-03  1.940709876E-03 -3.705521991E-03 
        12 -3.634487512E-03  1.884501195E-03  1.941697752E-03 -3.607061421E-03 
        13 -3.587609855E-03  1.881097094E-03  1.829745585E-03 -3.621283022E-03 
        14 -3.520691302E-03  1.874092850E-03  1.813614371E-03 -3.530884481E-03 
        15 -3.412795486E-03  1.850917120E-03  1.792836158E-03 -3.420808489E-03 
        16 -3.293251852E-03  1.814654563E-03  1.809831896E-03 -3.294728159E-03 
        17 -3.222815227E-03  1.785388798E-03  1.833132486E-03 -3.204367597E-03 
        18 -3.154152539E-03  1.766535104E-03  1.745000869E-03 -3.159499416E-03 
        19 -3.069989616E-03  1.755952602E-03  1.694111787E-03 -3.068241942E-03 
        20 -3.018488176E-03  1.758581609E-03  1.817102320E-03 -3.031397520E-03 
        21 -2.946440829E-03  1.749056624E-03  1.804866979E-03 -2.932343393E-03 
        22 -2.894762671E-03  1.734647085E-03  1.669783041E-03 -2.958189324E-03 
        23 -2.837919630E-03  1.719728461E-03  1.661886550E-03 -2.845140649E-03 
        24 -2.728053601E-03  1.691341749E-03  1.664952175E-03 -2.730799394E-03 
        25 -2.461777534E-03  4.808451922E-04  5.208705710E-04 -2.465112595E-03 
        26 -2.338944236E-03  5.465531722E-04  5.170121534E-04 -2.328640062E-03 
        27 -2.263801638E-03  5.983962910E-04  6.759204569E-04 -2.316927037E-03 
        28 -2.169968095E-03  6.661678199E-04  6.532799315E-04 -2.165087823E-03 
        29 -2.076291712E-03  7.406774675E-04  8.165294169E-04 -2.129099214E-03 
        30 -2.005374292E-03  8.086905000E-04  7.769467954E-04 -1.971675501E-03 
        31 -1.919456292E-03  9.463906172E-04  9.469197276E-04 -1.914495198E-03 
        32 -1.916862442E-03  1.124478527E-03  1.142795076E-03 -1.851298022E-03 
        33 -1.954495441E-03  1.238625729E-03  1.176445472E-03 -2.042660916E-03 
        34 -2.018075902E-03  1.332281739E-03  1.354698913E-03 -2.005746600E-03 
        35 -2.133150585E-03  1.444846042E-03  1.395516086E-03 -2.150585840E-03 
        36 -2.252154984E-03  1.510245958E-03  1.463027871E-03 -2.277701088E-03 
        37 -2.360373735E-03  1.549492823E-03  1.534028585E-03 -2.367683665E-03 
        38 -2.426243154E-03  1.578154275E-03  1.616760229E-03 -2.408186522E-03 
        39 -2.499565948E-03  1.610636362E-03  1.584168357E-03 -2.497886736E-03 
        40 -2.556658583E-03  1.630801358E-03  1.553793688E-03 -2.608636345E-03 
        41 -2.614702564E-03  1.654143911E-03  1.676729652E-03 -2.616739931E-03 
        42 -2.554242034E-03  4.453365982E-04  5.074871238E-04 -2.599694916E-03 
        43 -2.614509780E-03  4.147211439E-04  3.602622400E-04 -2.576922968E-03 
        44 -2.707503038E-03  3.782778513E-04  3.375554304E-04 -2.696750642E-03 
        45 -2.797738183E-03  3.637989576E-04  3.020632581E-04 -2.813140606E-03 
        46 -2.873227932E-03  3.582399222E-04  4.277590856E-04 -2.880125428E-03 
        47 -2.999543212E-03  3.401085269E-04  3.451552469E-04 -2.994928149E-03 
        48 -3.087115474E-03  3.270575253E-04  4.111683702E-04 -3.119425997E-03 
        49 -3.160101362E-03  3.028891515E-04  2.861603377E-04 -3.164992166E-03 
        50 -3.285760293E-03  2.681376936E-04  3.063139266E-04 -3.281050739E-03 
        51 -3.356316360E-03  2.523273579E-04  3.112536742E-04 -3.402629953E-03 
        52 -3.416412976E-03  2.278186294E-04  1.897839946E-04 -3.409442843E-03 
        53 -3.523001913E-03  1.940814982E-04  1.873953780E-04 -3.522972421E-03 
        54 -3.635465167E-03  1.715432445E-04  1.761512910E-04 -3.635300930E-03 
        55 -3.736518789E-03  1.563497499E-04  1.566616228E-04 -3.735074276E-03 
        56 -3.825327614E-03  1.451944700E-04  1.445315329E-04 -3.824581034E-03 
        57 -3.916466609E-03  1.302863820E-04  1.532715145E-04 -3.914510709E-03 
        58 -3.991646692E-03  1.178001403E-04  1.710031183E-04 -4.010975930E-03 
        59 -4.043810535E-03  1.033154695E-04  5.689246147E-05 -4.020525214E-03 
        60 -4.120076075E-03  8.484031423E-05  6.073745610E-05 -4.121556536E-03 
        61 -4.222784657E-03  7.361113967E-05  6.198469455E-05 -4.222944128E-03 
        62 -4.324511159E-03  6.851142098E-05  6.007520483E-05 -4.324261684E-03 
        63 -4.425180610E-03  6.463299360E-05  5.780932662E-05 -4.424947168E-03 
        64 -4.526616074E-03  6.183420192E-05  5.596906824E-05 -4.526306414E-03 
        65 -4.628477152E-03  5.831580711E-05  5.666467444E-05 -4.629023667E-03 
        66 -4.730067216E-03  5.252849223E-05  6.050692886E-05 -4.730923795E-03 
        67 -4.830371588E-03  2.680494072E-05  6.405840120E-05 -4.833593435E-03 
        68 -4.883122630E-03  2.088775545E-06  6.643712700E-05 -4.937359311E-03 
        69 -4.997619428E-03  1.979325199E-03  1.944484711E-03 -5.017463170E-03 
        70 -4.918219987E-03  1.954809064E-03  1.948290908E-03 -4.918495029E-03 
        71 -4.819060676E-03  1.949580968E-03  1.948353827E-03 -4.818912674E-03 
        72 -5.788015202E-03  2.668049774E-06  6.710090730E-05 -5.834726738E-03 
        73 -5.733482540E-03  2.934317126E-05  6.005380669E-05 -5.732217633E-03 
        74 -5.632108077E-03  5.062042692E-05  5.134376603E-05 -5.633311034E-03 
        75 -5.546282511E-03  2.394530566E-05  4.459777306E-05 -5.537449764E-03 
