cellnumber     x-coordinate     y-coordinate     y-coordinate     x-coordinate 
         1 -4.720054101E-03  1.932587125E-03  1.945594745E-03 -4.718454719E-03 
         2 -4.619934596E-03  1.931806095E-03  1.941195501E-03 -4.618455788E-03 
         3 -4.519142210E-03  1.929897931E-03  1.936762355E-03 -4.517952941E-03 
         4 -4.417368677E-03  1.927406178E-03  1.933136697E-03 -4.416522146E-03 
         5 -4.314798862E-03  1.924601384E-03  1.931426409E-03 -4.314333929E-03 
         6 -4.211792257E-03  1.921592630E-03  1.931636683E-03 -4.211520295E-03 
         7 -4.109114408E-03  1.916103647E-03  1.933075753E-03 -4.109019672E-03 
         8 -4.006298725E-03  1.897611772E-03  1.934369578E-03 -4.006508197E-03 
         9 -3.945741337E-03  1.877077506E-03  1.936141286E-03 -3.904823046E-03 
        10 -3.895130008E-03  1.858884352E-03  1.806644950E-03 -3.902767296E-03 
        11 -3.804379841E-03  1.834448776E-03  1.812545300E-03 -3.804174341E-03 
        12 -3.710325807E-03  1.805748674E-03  1.819800249E-03 -3.709773381E-03 
        13 -3.654289758E-03  1.779393759E-03  1.829745585E-03 -3.621283022E-03 
        14 -3.593898378E-03  1.759770326E-03  1.725771232E-03 -3.598763175E-03 
        15 -3.520922968E-03  1.762843225E-03  1.813614371E-03 -3.530884481E-03 
        16 -3.418754553E-03  1.755264006E-03  1.792836158E-03 -3.420808489E-03 
        17 -3.336807713E-03  1.732888515E-03  1.809831896E-03 -3.294728159E-03 
        18 -3.243336687E-03  1.697872533E-03  1.670684137E-03 -3.245474741E-03 
        19 -3.139074193E-03  1.660402981E-03  1.572965532E-03 -3.129599723E-03 
        20 -3.075001761E-03  1.645273995E-03  1.694111787E-03 -3.068241942E-03 
        21 -3.008252941E-03  1.620395225E-03  1.669783041E-03 -2.958189324E-03 
        22 -2.952913987E-03  1.586626749E-03  1.532733347E-03 -2.985749377E-03 
        23 -2.854018705E-03  1.529467525E-03  1.524344534E-03 -2.855572715E-03 
        24 -2.775538946E-03  1.476403326E-03  1.532216941E-03 -2.730782084E-03 
        25 -2.701142803E-03  1.407235628E-03  1.383368829E-03 -2.720372596E-03 
        26 -2.556377556E-03  9.085620404E-04  8.467918417E-04 -2.481034431E-03 
        27 -2.512346487E-03  1.049908809E-03  1.053196177E-03 -2.484342921E-03 
        28 -2.547405194E-03  1.249915338E-03  1.252977039E-03 -2.524754086E-03 
        29 -2.627760405E-03  1.341354568E-03  1.414714937E-03 -2.584325842E-03 
        30 -2.618615981E-03  8.173228707E-04  8.378607456E-04 -2.646158262E-03 
        31 -2.683723113E-03  7.229330949E-04  6.654788344E-04 -2.623575541E-03 
        32 -2.767941682E-03  6.420839927E-04  6.374369532E-04 -2.768781384E-03 
        33 -2.920917468E-03  5.316110328E-04  5.940152579E-04 -2.930817644E-03 
        34 -3.026983468E-03  4.706653417E-04  5.770121250E-04 -3.096991608E-03 
        35 -3.122930182E-03  4.419484176E-04  4.111683702E-04 -3.119425997E-03 
        36 -3.266742919E-03  4.043436202E-04  4.330764328E-04 -3.263609028E-03 
        37 -3.361921757E-03  3.792193311E-04  4.354468590E-04 -3.398886197E-03 
        38 -3.428429132E-03  3.528260568E-04  3.112536742E-04 -3.402629953E-03 
        39 -3.527357941E-03  3.207239206E-04  3.052548116E-04 -3.526687042E-03 
        40 -3.654370783E-03  2.889362222E-04  2.876058839E-04 -3.654121120E-03 
        41 -3.773417789E-03  2.680933685E-04  2.515954518E-04 -3.762196423E-03 
        42 -3.826599102E-03  2.646222129E-04  3.436101291E-04 -3.820011096E-03 
        43 -3.886088263E-03  2.442004043E-04  2.486685537E-04 -3.888261565E-03 
        44 -3.955325577E-03  2.207922953E-04  2.890524311E-04 -3.988128188E-03 
        45 -4.013734870E-03  1.952197490E-04  1.710031183E-04 -4.010975930E-03 
        46 -4.115576390E-03  1.610606414E-04  1.828761303E-04 -4.114592750E-03 
        47 -4.221236333E-03  1.370001119E-04  1.846604581E-04 -4.220260345E-03 
        48 -4.284652881E-03  1.230011403E-04  1.783337167E-04 -4.324251424E-03 
        49 -4.335061181E-03  1.120433953E-04  6.007520483E-05 -4.324261684E-03 
        50 -4.424780142E-03  9.926314669E-05  5.780932662E-05 -4.424947168E-03 
        51 -4.526548088E-03  9.331278125E-05  5.596906824E-05 -4.526306414E-03 
        52 -4.628835246E-03  8.177285054E-05  5.666467444E-05 -4.629023667E-03 
        53 -4.730550107E-03  6.730081077E-05  6.050692886E-05 -4.730923795E-03 
        54 -4.832834005E-03  5.929839972E-05  6.405840120E-05 -4.833593435E-03 
        55 -4.935417790E-03  5.179260916E-05  6.643712700E-05 -4.937359311E-03 
        56 -5.036337767E-03  3.614982779E-05  6.693967668E-05 -5.041680553E-03 
        57 -5.135449115E-03  1.874191548E-05  6.473279037E-05 -5.145436630E-03 
        58 -5.236524157E-03  1.512543622E-05  5.901185833E-05 -5.247603241E-03 
        59 -5.189737305E-03  1.984925708E-03  1.934327000E-03 -5.221331158E-03 
        60 -5.118225701E-03  1.958477311E-03  1.938990709E-03 -5.118253907E-03 
        61 -5.016815849E-03  1.944280230E-03  1.944484711E-03 -5.017463170E-03 
        62 -4.918385763E-03  1.938383561E-03  1.948290908E-03 -4.918495029E-03 
        63 -4.819907714E-03  1.933990163E-03  1.948353827E-03 -4.818912674E-03 
        64 -5.906034261E-03  5.235700883E-06  6.868406450E-05 -5.938978828E-03 
        65 -5.866500549E-03  5.235700883E-06  6.710090730E-05 -5.834726738E-03 
        66 -5.496241618E-03  6.301447684E-06  4.459777306E-05 -5.537449764E-03 
        67 -5.437754560E-03  1.873577276E-05  4.492314267E-05 -5.441885650E-03 
        68 -5.338885356E-03  2.159612450E-05  5.082560188E-05 -5.345947182E-03 
