cellnumber     x-coordinate     y-coordinate     y-coordinate     x-coordinate 
         1 -7.324596401E-03  1.947292010E-03  1.945995133E-03 -7.344250969E-03 
         2 -7.287726738E-03  1.892446540E-03  1.944399857E-03 -7.242192487E-03 
         3 -7.251325063E-03  1.832869952E-03  1.832598889E-03 -7.234001748E-03 
         4 -7.206405979E-03  1.720469096E-03  1.722320234E-03 -7.227439730E-03 
         5 -7.186707109E-03  1.609828672E-03  1.613303411E-03 -7.220713388E-03 
         6 -7.170562167E-03  1.495680073E-03  1.501077637E-03 -7.213359326E-03 
         7 -7.160354406E-03  1.385997632E-03  1.392582813E-03 -7.209845023E-03 
         8 -7.156600244E-03  1.317366958E-03  1.278983652E-03 -7.209127883E-03 
         9 -7.421402726E-03  5.038456584E-05  4.873244441E-05 -7.453501035E-03 
        10 -7.416129578E-03  1.038441624E-04  1.447124654E-04 -7.460400052E-03 
        11 -7.407321595E-03  1.425965311E-04  1.422668811E-04 -7.375525363E-03 
        12 -7.389201783E-03  2.158835559E-04  2.156540311E-04 -7.377944431E-03 
        13 -7.366464473E-03  2.946380991E-04  2.842567539E-04 -7.338325205E-03 
        14 -7.357402239E-03  3.986445954E-04  3.808550211E-04 -7.305472918E-03 
        15 -7.345638704E-03  5.162130110E-04  5.089353501E-04 -7.301523580E-03 
        16 -7.302179001E-03  6.241167430E-04  6.235710349E-04 -7.303983568E-03 
        17 -7.261274382E-03  6.991333212E-04  7.341994765E-04 -7.309708117E-03 
        18 -7.223922759E-03  7.537231431E-04  7.288560134E-04 -7.186454635E-03 
        19 -7.189038675E-03  8.440998499E-04  8.421065927E-04 -7.198215855E-03 
        20 -7.171424106E-03  9.381777490E-04  9.716666602E-04 -7.218165567E-03 
        21 -7.138683926E-03  1.017293311E-03  9.854201314E-04 -7.097577852E-03 
        22 -7.127370220E-03  1.128605567E-03  1.119993364E-03 -7.096631531E-03 
        23 -7.148994599E-03  1.248611137E-03  1.256349519E-03 -7.089766861E-03 
