cellnumber     x-coordinate     y-coordinate     y-coordinate     x-coordinate 
         1 -4.207985941E-03  1.979100984E-03  1.931636683E-03 -4.211520295E-03 
         2 -4.108400550E-03  1.950256294E-03  1.933075753E-03 -4.109019672E-03 
         3 -4.006327130E-03  1.940898015E-03  1.934369578E-03 -4.006508197E-03 
         4 -3.904620418E-03  1.937863650E-03  1.936141286E-03 -3.904823046E-03 
         5 -3.804367734E-03  1.934541855E-03  1.938266303E-03 -3.804586373E-03 
         6 -3.705857554E-03  1.929729013E-03  1.940709876E-03 -3.705521991E-03 
         7 -3.608771367E-03  1.925641554E-03  1.941697752E-03 -3.607061421E-03 
         8 -3.511653980E-03  1.927179517E-03  1.938766576E-03 -3.509147931E-03 
         9 -3.407228738E-03  1.927596168E-03  1.932905906E-03 -3.406640362E-03 
        10 -3.299861681E-03  1.917807152E-03  1.937228295E-03 -3.300266113E-03 
        11 -3.206412774E-03  1.897380222E-03  1.943163964E-03 -3.201366508E-03 
        12 -3.160020569E-03  1.884031459E-03  1.941788315E-03 -3.105180951E-03 
        13 -3.111586208E-03  1.880911645E-03  1.835596545E-03 -3.118652356E-03 
        14 -3.044028068E-03  1.878775074E-03  1.817102320E-03 -3.031397520E-03 
        15 -2.993655391E-03  1.883023651E-03  1.939727861E-03 -3.005310109E-03 
        16 -2.915085293E-03  1.888294122E-03  1.935561470E-03 -2.904892689E-03 
        17 -2.811135026E-03  1.884534722E-03  1.932500257E-03 -2.802616471E-03 
        18 -2.743586665E-03  1.872009598E-03  1.932111083E-03 -2.699786421E-03 
        19 -2.693712246E-03  1.858067117E-03  1.796212136E-03 -2.718328058E-03 
        20 -1.010249602E-03  1.354304375E-03  1.381782849E-03 -9.776427186E-04 
        21 -9.410534985E-04  1.231050235E-03  1.224661902E-03 -9.872474378E-04 
        22 -9.160608170E-04  1.057204325E-03  1.041082176E-03 -9.806221599E-04 
        23 -9.429290658E-04  9.106646175E-04  9.036022923E-04 -9.443507556E-04 
        24 -1.029169303E-03  7.816925063E-04  7.722033649E-04 -1.004195331E-03 
        25 -2.444615588E-03  2.628403017E-04  2.201922154E-04 -2.440115159E-03 
        26 -2.381453756E-03  2.878215455E-04  2.186625499E-04 -2.328098011E-03 
        27 -2.323105466E-03  3.050712694E-04  3.662185855E-04 -2.332841970E-03 
        28 -2.213121159E-03  3.263123799E-04  3.520143230E-04 -2.212597215E-03 
        29 -2.094955649E-03  3.540810139E-04  3.312500706E-04 -2.099126022E-03 
        30 -2.030887641E-03  3.755404032E-04  3.029544401E-04 -1.995195726E-03 
        31 -1.944093383E-03  3.913655528E-04  4.173342036E-04 -1.946427311E-03 
        32 -1.844338025E-03  4.048119008E-04  3.519095714E-04 -1.855315360E-03 
        33 -1.763142878E-03  4.176107177E-04  3.893469520E-04 -1.756236354E-03 
        34 -1.661726506E-03  4.412258859E-04  3.987650529E-04 -1.637128831E-03 
        35 -1.601104508E-03  4.578749940E-04  5.146913914E-04 -1.643351564E-03 
        36 -1.502497704E-03  4.740978766E-04  5.452351601E-04 -1.510181627E-03 
        37 -1.341578667E-03  5.250388058E-04  5.787088589E-04 -1.353333446E-03 
        38 -1.184942084E-03  6.259250222E-04  6.053760534E-04 -1.184284385E-03 
        39 -1.103748800E-03  6.964904605E-04  8.043713499E-04 -1.175082467E-03 
        40 -2.608150942E-03  1.838408061E-03  1.799962270E-03 -2.611890894E-03 
        41 -2.505780198E-03  1.810034155E-03  1.807533011E-03 -2.506620354E-03 
        42 -2.417173935E-03  1.776025165E-03  1.814425294E-03 -2.403696474E-03 
        43 -2.369150054E-03  1.754869358E-03  1.708873001E-03 -2.409373332E-03 
        44 -2.305881353E-03  1.743514091E-03  1.706514208E-03 -2.308241856E-03 
        45 -2.199153416E-03  1.727704192E-03  1.689752994E-03 -2.203074674E-03 
        46 -2.087680856E-03  1.713973121E-03  1.670428292E-03 -2.091832782E-03 
        47 -1.972900704E-03  1.697551459E-03  1.656135306E-03 -1.975000886E-03 
        48 -1.855677576E-03  1.677793567E-03  1.652610595E-03 -1.855339528E-03 
        49 -1.732884790E-03  1.647354569E-03  1.673647406E-03 -1.725666230E-03 
        50 -1.643447555E-03  1.620537485E-03  1.546881967E-03 -1.685007620E-03 
        51 -1.547984313E-03  1.603959710E-03  1.615152290E-03 -1.546052270E-03 
        52 -1.444695517E-03  1.585895196E-03  1.503794129E-03 -1.448220929E-03 
        53 -1.100191032E-03  1.433857484E-03  1.388831252E-03 -1.130949901E-03 
        54 -2.554936334E-03  2.319954801E-04  2.134558165E-04 -2.551091762E-03 
        55 -2.664380241E-03  2.106107859E-04  1.989311877E-04 -2.660682491E-03 
        56 -2.773403656E-03  1.950541628E-04  1.782028234E-04 -2.766268784E-03 
        57 -2.856835956E-03  1.968166762E-04  1.519967680E-04 -2.860687855E-03 
        58 -2.911477350E-03  2.021931723E-04  2.514614593E-04 -2.912482779E-03 
        59 -2.986275125E-03  1.932052837E-04  1.949605707E-04 -2.983549814E-03 
        60 -3.044261364E-03  1.835414150E-04  2.440689218E-04 -3.061257662E-03 
        61 -3.099327674E-03  1.623060525E-04  1.454524803E-04 -3.098442181E-03 
        62 -3.198145889E-03  1.345528872E-04  1.685867443E-04 -3.193051086E-03 
        63 -3.266009036E-03  1.231289643E-04  1.837645910E-04 -3.297713355E-03 
        64 -3.321225522E-03  1.048520062E-04  6.199954715E-05 -3.311930414E-03 
        65 -3.414687235E-03  8.185875777E-05  6.462525821E-05 -3.415662322E-03 
        66 -3.520491300E-03  7.117370842E-05  6.380833434E-05 -3.520089625E-03 
        67 -3.625046229E-03  6.752142508E-05  5.980250934E-05 -3.623612789E-03 
        68 -3.725505434E-03  6.892180681E-05  5.360691041E-05 -3.723738008E-03 
        69 -3.822958795E-03  6.853537343E-05  5.102335929E-05 -3.822366682E-03 
        70 -3.920537420E-03  6.307023432E-05  5.225894635E-05 -3.921222529E-03 
        71 -4.019826651E-03  5.762231012E-05  5.689246147E-05 -4.020525214E-03 
        72 -4.121378530E-03  5.380162474E-05  6.073745610E-05 -4.121556536E-03 
        73 -4.223285709E-03  5.071531268E-05  6.198469455E-05 -4.222944128E-03 
        74 -4.324701149E-03  4.796326175E-05  6.007520483E-05 -4.324261684E-03 
        75 -4.425428808E-03  4.350303425E-05  5.780932662E-05 -4.424947168E-03 
        76 -4.526608158E-03  3.588629988E-05  5.596906824E-05 -4.526306414E-03 
        77 -4.627869464E-03  2.423908336E-05  5.666467444E-05 -4.629023667E-03 
        78 -4.691014532E-03  8.630357115E-06  6.050692886E-05 -4.730923795E-03 
        79 -5.259905010E-03  2.172668428E-05  5.901185833E-05 -5.247603241E-03 
        80 -5.183660891E-03  1.983263297E-03  1.934327000E-03 -5.221331158E-03 
        81 -5.118248984E-03  1.958221197E-03  1.938990709E-03 -5.118253907E-03 
        82 -5.017178133E-03  1.959427027E-03  1.944484711E-03 -5.017463170E-03 
        83 -4.950685892E-03  1.984468894E-03  1.948290908E-03 -4.918495029E-03 
        84 -1.167165232E-03  1.483808970E-03  1.530420846E-03 -1.096716922E-03 
        85 -1.247668522E-03  1.531557180E-03  1.559579817E-03 -1.236544091E-03 
        86 -1.361853094E-03  1.572107547E-03  1.616039874E-03 -1.358988624E-03 
        87 -5.517958198E-03  1.863810758E-05  4.459777306E-05 -5.537449764E-03 
        88 -5.440758541E-03  3.635910252E-05  4.492314267E-05 -5.441885650E-03 
        89 -5.344013218E-03  3.944768105E-05  5.082560188E-05 -5.345947182E-03 
