cellnumber     x-coordinate     y-coordinate     y-coordinate     x-coordinate 
         1 -7.106053643E-03  1.986749703E-03  1.943623210E-03 -7.139969121E-03 
         2 -7.040774450E-03  1.963490155E-03  1.945684832E-03 -7.039325207E-03 
         3 -6.940463092E-03  1.944374875E-03  1.949177057E-03 -6.940937222E-03 
         4 -6.866361946E-03  1.918184687E-03  1.951895744E-03 -6.844616968E-03 
         5 -6.823606323E-03  1.892543980E-03  1.854019606E-03 -6.847794170E-03 
         6 -6.765204482E-03  1.865936443E-03  1.850163092E-03 -6.763989396E-03 
         7 -6.686292589E-03  1.809828798E-03  1.831444433E-03 -6.667983624E-03 
         8 -6.625075359E-03  1.739964820E-03  1.708223331E-03 -6.685580249E-03 
         9 -6.582159083E-03  1.681572990E-03  1.716252156E-03 -6.565658344E-03 
        10 -6.538492162E-03  1.625531469E-03  1.631799268E-03 -6.496343131E-03 
        11 -6.486913655E-03  1.555226394E-03  1.511120825E-03 -6.538443617E-03 
        12 -6.424637046E-03  1.458098413E-03  1.475114228E-03 -6.399243111E-03 
        13 -6.353875622E-03  1.331825275E-03  1.325927323E-03 -6.388912221E-03 
        14 -7.226179354E-03  2.104001032E-05  6.336323276E-05 -7.254607759E-03 
        15 -7.152671460E-03  6.606876559E-05  6.824591689E-05 -7.153025150E-03 
        16 -7.077574730E-03  1.154397760E-04  7.130261585E-05 -7.048670775E-03 
        17 -7.024376653E-03  1.658889523E-04  2.122296851E-04 -7.052837502E-03 
        18 -6.958106998E-03  2.340915089E-04  2.110962255E-04 -6.939299738E-03 
        19 -6.894452032E-03  3.062889446E-04  3.482594554E-04 -6.928854157E-03 
        20 -6.831886712E-03  3.708283766E-04  3.403318317E-04 -6.808069489E-03 
        21 -6.759206764E-03  4.379053426E-04  4.750352607E-04 -6.786704258E-03 
        22 -6.677081808E-03  5.012119072E-04  4.597521879E-04 -6.649444037E-03 
        23 -6.582609378E-03  5.784497480E-04  6.089728840E-04 -6.620994830E-03 
        24 -6.494075991E-03  6.430934882E-04  5.786337122E-04 -6.437058422E-03 
        25 -6.399880163E-03  7.638903917E-04  7.587672534E-04 -6.396100693E-03 
        26 -6.330050062E-03  9.610376437E-04  9.678471723E-04 -6.389077102E-03 
        27 -6.315706298E-03  1.159166801E-03  1.162631032E-03 -6.376574156E-03 
