cellnumber     x-coordinate     y-coordinate     y-coordinate     x-coordinate 
         1 -4.718696699E-03  1.950976439E-03  1.945594745E-03 -4.718454719E-03 
         2 -4.618396983E-03  1.948869089E-03  1.941195501E-03 -4.618455788E-03 
         3 -4.517531488E-03  1.946925884E-03  1.936762355E-03 -4.517952941E-03 
         4 -4.415877163E-03  1.945097931E-03  1.933136697E-03 -4.416522146E-03 
         5 -4.313622601E-03  1.943003736E-03  1.931426409E-03 -4.314333929E-03 
         6 -4.211044405E-03  1.940625487E-03  1.931636683E-03 -4.211520295E-03 
         7 -4.108696245E-03  1.937576919E-03  1.933075753E-03 -4.109019672E-03 
         8 -4.006336443E-03  1.933339168E-03  1.934369578E-03 -4.006508197E-03 
         9 -3.904574551E-03  1.927106758E-03  1.936141286E-03 -3.904823046E-03 
        10 -3.804601263E-03  1.917304122E-03  1.938266303E-03 -3.804586373E-03 
        11 -3.707505064E-03  1.899936236E-03  1.940709876E-03 -3.705521991E-03 
        12 -3.613172099E-03  1.885130536E-03  1.941697752E-03 -3.607061421E-03 
        13 -3.566191532E-03  1.881740172E-03  1.829745585E-03 -3.621283022E-03 
        14 -3.565977095E-03  1.881734934E-03  1.813614371E-03 -3.530884481E-03 
        15 -3.517348086E-03  1.890774001E-03  1.938766576E-03 -3.509147931E-03 
        16 -3.411377780E-03  1.886786660E-03  1.932905906E-03 -3.406640362E-03 
        17 -3.351323307E-03  1.871709479E-03  1.937228295E-03 -3.300266113E-03 
        18 -3.295558272E-03  1.854646369E-03  1.809831896E-03 -3.294728159E-03 
        19 -3.206962254E-03  1.818352146E-03  1.833132486E-03 -3.204367597E-03 
        20 -3.158389358E-03  1.795429271E-03  1.745000869E-03 -3.159499416E-03 
        21 -3.114346415E-03  1.802138868E-03  1.835596545E-03 -3.118652356E-03 
        22 -3.034948139E-03  1.806315267E-03  1.817102320E-03 -3.031397520E-03 
        23 -2.935199067E-03  1.790820621E-03  1.804866979E-03 -2.932343393E-03 
        24 -2.831431571E-03  1.763289329E-03  1.798346128E-03 -2.825612704E-03 
        25 -2.766008023E-03  1.737969811E-03  1.796212136E-03 -2.718328058E-03 
        26 -2.712473972E-03  1.717692125E-03  1.664952175E-03 -2.730799394E-03 
        27 -2.456294373E-03  3.973536077E-04  3.697733932E-04 -2.454968943E-03 
        28 -2.381186699E-03  4.317495041E-04  3.662185855E-04 -2.332841970E-03 
        29 -2.315013204E-03  4.607811861E-04  5.170121534E-04 -2.328640062E-03 
        30 -2.198406961E-03  5.178957945E-04  4.965748243E-04 -2.196300302E-03 
        31 -2.123070881E-03  5.626971251E-04  6.532799315E-04 -2.165087823E-03 
        32 -2.029541880E-03  6.210301653E-04  6.124473144E-04 -2.026903482E-03 
        33 -1.933117746E-03  6.842606235E-04  7.769467954E-04 -1.971675501E-03 
        34 -1.849661581E-03  7.386198849E-04  7.165968441E-04 -1.824586185E-03 
        35 -1.715584076E-03  8.591391961E-04  8.687116337E-04 -1.720950005E-03 
        36 -1.686338568E-03  1.079500769E-03  1.065639569E-03 -1.632741831E-03 
        37 -1.723201480E-03  1.232549548E-03  1.142795076E-03 -1.851298022E-03 
        38 -1.815461088E-03  1.337951748E-03  1.339741886E-03 -1.829856047E-03 
        39 -1.913956134E-03  1.440154505E-03  1.508885932E-03 -1.845175443E-03 
        40 -1.986342482E-03  1.486644614E-03  1.514084867E-03 -1.984851751E-03 
        41 -2.111201873E-03  1.546225627E-03  1.538670614E-03 -2.111712873E-03 
        42 -2.226591343E-03  1.581553021E-03  1.575400397E-03 -2.225971439E-03 
        43 -2.323703608E-03  1.603008248E-03  1.614483053E-03 -2.320783245E-03 
        44 -2.409674460E-03  1.626221230E-03  1.616760229E-03 -2.408186522E-03 
        45 -2.464788966E-03  1.646540477E-03  1.584168357E-03 -2.497886736E-03 
        46 -2.517834306E-03  1.666245400E-03  1.694345655E-03 -2.508386553E-03 
        47 -2.615429461E-03  1.694800798E-03  1.676729652E-03 -2.616739931E-03 
        48 -2.576886909E-03  3.604486701E-04  3.602622400E-04 -2.576922968E-03 
        49 -2.696878510E-03  3.354280198E-04  3.375554304E-04 -2.696750642E-03 
        50 -2.827354940E-03  3.235268814E-04  3.020632581E-04 -2.813140606E-03 
        51 -2.902531298E-03  3.237429482E-04  2.514614593E-04 -2.912482779E-03 
        52 -2.975874813E-03  3.095223510E-04  3.451552469E-04 -2.994928149E-03 
        53 -3.073292784E-03  2.877512597E-04  2.440689218E-04 -3.061257662E-03 
        54 -3.166696290E-03  2.643576881E-04  2.861603377E-04 -3.164992166E-03 
        55 -3.245602595E-03  2.444334386E-04  3.063139266E-04 -3.281050739E-03 
        56 -3.305514343E-03  2.206034696E-04  1.837645910E-04 -3.297713355E-03 
        57 -3.408927238E-03  1.897543989E-04  1.897839946E-04 -3.409442843E-03 
        58 -3.522511804E-03  1.688463672E-04  1.873953780E-04 -3.522972421E-03 
        59 -3.632975509E-03  1.507906563E-04  1.761512910E-04 -3.635300930E-03 
        60 -3.733619815E-03  1.388176315E-04  1.566616228E-04 -3.735074276E-03 
        61 -3.824889194E-03  1.292568049E-04  1.445315329E-04 -3.824581034E-03 
        62 -3.918149974E-03  1.168761009E-04  1.532715145E-04 -3.914510709E-03 
        63 -3.968333825E-03  1.097798086E-04  1.710031183E-04 -4.010975930E-03 
        64 -4.019836430E-03  9.511449753E-05  5.689246147E-05 -4.020525214E-03 
        65 -4.120511468E-03  7.440763875E-05  6.073745610E-05 -4.121556536E-03 
        66 -4.222960677E-03  6.548593956E-05  6.198469455E-05 -4.222944128E-03 
        67 -4.324577749E-03  6.128435052E-05  6.007520483E-05 -4.324261684E-03 
        68 -4.425255582E-03  5.815638360E-05  5.780932662E-05 -4.424947168E-03 
        69 -4.526630044E-03  5.625787890E-05  5.596906824E-05 -4.526306414E-03 
        70 -4.628405906E-03  5.388182399E-05  5.666467444E-05 -4.629023667E-03 
        71 -4.729553591E-03  4.029664342E-05  6.050692886E-05 -4.730923795E-03 
        72 -4.802229349E-03  1.438292747E-05  6.405840120E-05 -4.833593435E-03 
        73 -4.972853232E-03  1.996171195E-03  1.944484711E-03 -5.017463170E-03 
        74 -4.918463994E-03  1.974112587E-03  1.948290908E-03 -4.918495029E-03 
        75 -4.818827379E-03  1.953973668E-03  1.948353827E-03 -4.818912674E-03 
        76 -5.706108641E-03  2.472355482E-05  6.005380669E-05 -5.732217633E-03 
        77 -5.632122513E-03  5.367084304E-05  5.134376603E-05 -5.633311034E-03 
        78 -5.537214223E-03  5.524146400E-05  4.459777306E-05 -5.537449764E-03 
        79 -5.464001559E-03  2.629417395E-05  4.492314267E-05 -5.441885650E-03 
