cellnumber     x-coordinate     y-coordinate     y-coordinate     x-coordinate 
         1 -4.169983324E-03  1.983073773E-03  1.931636683E-03 -4.211520295E-03 
         2 -4.108188674E-03  1.962030772E-03  1.933075753E-03 -4.109019672E-03 
         3 -4.044575151E-03  1.978957094E-03  1.934369578E-03 -4.006508197E-03 
         4 -3.078961279E-03  1.989130396E-03  1.941788315E-03 -3.105180951E-03 
         5 -2.997593489E-03  1.979930094E-03  1.939727861E-03 -3.005310109E-03 
         6 -2.911298769E-03  1.990799792E-03  1.935561470E-03 -2.904892689E-03 
         7  1.052194741E-03  3.286935680E-06  3.561057739E-05  1.060296711E-03 
         8  1.027362072E-03  3.286935680E-06  3.973284875E-05  9.851097223E-04 
         9  7.024119259E-04  4.795036261E-07  2.376551705E-05  7.244123886E-04 
        10  6.675951881E-04  7.187247320E-06  2.274665324E-05  6.657491188E-04 
        11  6.041061715E-04  1.139487176E-05  2.138182500E-05  6.018984717E-04 
        12  1.858771080E-03  2.222468029E-04  2.249752392E-04  1.868745874E-03 
        13  1.839376404E-03  2.418057848E-04  2.266481103E-04  1.821234054E-03 
        14  1.811677241E-03  2.518549736E-04  2.643540103E-04  1.814250299E-03 
        15  1.716600265E-03  3.677864152E-04  3.637452039E-04  1.739624176E-03 
        16  1.739295665E-03  3.923149197E-04  4.118375167E-04  1.737779301E-03 
        17  1.791865099E-03  3.981243935E-04  4.138385057E-04  1.791122403E-03 
        18  1.840312383E-03  4.117769131E-04  4.077900278E-04  1.844233139E-03 
        19  1.868185122E-03  4.318472056E-04  4.511102458E-04  1.849586075E-03 
        20  1.902779797E-03  4.335933190E-04  4.389789263E-04  1.904599363E-03 
        21  1.944710035E-03  4.186535953E-04  4.296108049E-04  1.958012396E-03 
        22  1.966112526E-03  4.008765682E-04  3.946139461E-04  1.943182347E-03 
        23  1.928489306E-03  5.145536124E-05  2.936931078E-05  1.958600325E-03 
        24  1.962012146E-03  6.756083894E-05  8.091219465E-05  1.957743481E-03 
        25  2.017781138E-03  8.997964323E-05  9.041714092E-05  2.019015436E-03 
        26  2.087901114E-03  9.355448128E-05  9.321694742E-05  2.087244387E-03 
        27  2.144970000E-03  7.217026723E-05  8.927237462E-05  2.158173226E-03 
        28  2.178632421E-03  2.925403896E-05  2.897047908E-05  2.166466837E-03 
        29  2.104359912E-03  4.195040965E-04  4.265809957E-04  2.101761760E-03 
        30  2.134847688E-03  4.190328473E-04  4.026644760E-04  2.145871991E-03 
        31  2.153652254E-03  4.209591134E-04  4.354983894E-04  2.147072077E-03 
        32  2.165924292E-03  4.386069195E-04  4.274307306E-04  2.172324708E-03 
        33  2.183729317E-03  4.746662744E-04  4.792569587E-04  2.178396332E-03 
        34  2.204366261E-03  4.986923886E-04  5.211355136E-04  2.206125792E-03 
        35  2.303740242E-03  5.467472365E-04  5.419880793E-04  2.321715428E-03 
        36  2.239292022E-03  7.154745981E-04  7.151286315E-04  2.239451992E-03 
        37 -1.006805222E-03  7.899932825E-05  6.636507486E-05 -1.005326591E-03 
        38 -9.017749690E-04  7.713970263E-05  6.680606303E-05 -9.013910211E-04 
        39 -7.969546132E-04  7.552441821E-05  6.575810028E-05 -7.972552363E-04 
        40 -6.927269860E-04  7.324427133E-05  6.355081433E-05 -6.935649223E-04 
        41 -5.890501780E-04  7.185072900E-05  6.038485763E-05 -5.907983585E-04 
        42 -4.846148659E-04  7.354304398E-05  5.539476994E-05 -4.882335345E-04 
        43 -3.879118303E-04  8.364034875E-05  4.835427240E-05 -3.882786737E-04 
        44 -3.376218665E-04  9.207000403E-05  1.461014197E-04 -3.694341506E-04 
        45 -2.809352300E-04  9.778817912E-05  1.281231806E-04 -2.752816664E-04 
        46 -1.825020008E-04  1.196672893E-04  1.108253011E-04 -1.840752402E-04 
        47 -1.329280203E-04  1.362729527E-04  1.824621522E-04 -1.631405136E-04 
        48 -9.365538426E-05  1.459240448E-04  1.562393313E-04 -8.961924719E-05 
        49 -4.304482354E-05  1.633480133E-04  1.429506679E-04 -2.640014050E-05 
        50 -1.046735088E-05  1.783765620E-04  1.926155920E-04 -1.566857720E-05 
        51  4.078723578E-05  1.953034371E-04  1.880186171E-04  3.887628747E-05 
        52  7.564286352E-05  2.065157896E-04  2.417783347E-04  4.495860527E-05 
        53  8.274974243E-05  2.082671417E-04  2.489255570E-04  9.405898740E-05 
        54  1.032047076E-04  2.860961285E-05  2.794200578E-05  1.007808420E-04 
        55  2.397332282E-04  1.834963041E-04  1.930118503E-04  2.622026838E-04 
        56  2.661587787E-04  1.402000926E-04  1.408289672E-04  2.717250439E-04 
        57  2.873532067E-04  9.915417468E-05  8.822211316E-05  2.654353734E-04 
        58  3.077764122E-04  7.111242303E-05  8.110587978E-05  3.211743461E-04 
        59  3.350805491E-04  4.344549961E-05  2.775908311E-05  3.200411847E-04 
        60  3.777810489E-04  1.993415208E-05  2.357188179E-05  3.768744278E-04 
        61  4.270392237E-04  4.450827419E-06  1.961275604E-05  4.300925550E-04 
        62  2.022855333E-04  2.882063382E-05  2.931386421E-05  2.067113238E-04 
        63  5.503581488E-04  4.687128239E-06  1.926840855E-05  5.412139952E-04 
        64 -2.290123841E-03  1.485475150E-05  7.311501499E-05 -2.316820890E-03 
        65 -2.211024752E-03  4.393017662E-05  7.043852328E-05 -2.213196658E-03 
        66 -2.110063098E-03  6.064501940E-05  6.674919455E-05 -2.110809722E-03 
        67 -2.008766867E-03  6.691829185E-05  6.249115734E-05 -2.009269490E-03 
        68 -1.909769606E-03  7.607126463E-05  5.855735120E-05 -1.909155614E-03 
        69 -1.811974449E-03  8.886418073E-05  5.673498202E-05 -1.809930395E-03 
        70 -1.713330625E-03  9.958284500E-05  5.515330775E-05 -1.709579807E-03 
        71 -1.613577944E-03  1.042134827E-04  5.457516422E-05 -1.609092055E-03 
        72 -1.514999894E-03  1.069538484E-04  5.383556151E-05 -1.509067679E-03 
        73 -1.418043277E-03  1.086868797E-04  5.490773208E-05 -1.410009075E-03 
        74 -1.318232156E-03  1.039347335E-04  5.715688499E-05 -1.310405891E-03 
        75 -1.215497614E-03  9.252512245E-05  6.005970237E-05 -1.209844188E-03 
        76 -1.111637685E-03  8.321719361E-05  6.361088174E-05 -1.108407631E-03 
        77 -2.487839665E-03  1.975287683E-03  1.934575948E-03 -2.495273050E-03 
        78 -2.391463611E-03  1.948099118E-03  1.936099255E-03 -2.392953671E-03 
        79 -2.288998570E-03  1.944696764E-03  1.936053435E-03 -2.289587949E-03 
        80 -2.185369842E-03  1.943026436E-03  1.934468811E-03 -2.185353151E-03 
        81 -2.081576502E-03  1.941267401E-03  1.932282097E-03 -2.081243068E-03 
        82 -1.977914944E-03  1.939178910E-03  1.931099759E-03 -1.977459928E-03 
        83 -1.874476089E-03  1.936802990E-03  1.931720263E-03 -1.874312453E-03 
        84 -1.770598697E-03  1.934091910E-03  1.935050064E-03 -1.771475459E-03 
        85 -1.667460310E-03  1.928292797E-03  1.942464568E-03 -1.670585838E-03 
        86  1.824200503E-03  1.518893521E-03  1.509836650E-03  1.809975330E-03 
        87  1.825987129E-03  1.560756471E-03  1.560884347E-03  1.827830160E-03 
        88  1.830830937E-03  1.601358294E-03  1.615014651E-03  1.856528149E-03 
        89  1.802528044E-03  1.638588961E-03  1.641236910E-03  1.805098654E-03 
        90  1.772854361E-03  1.679202542E-03  1.674905581E-03  1.747979358E-03 
        91  1.770724310E-03  1.722240588E-03  1.719651303E-03  1.773429624E-03 
        92  1.725677866E-03  1.515846350E-03  1.524655038E-03  1.727520347E-03 
        93  1.748695388E-03  1.494856086E-03  1.517480735E-03  1.770494178E-03 
        94  1.768233837E-03  1.475329744E-03  1.466399391E-03  1.762134212E-03 
        95  1.793863368E-03  1.449259813E-03  1.458946259E-03  1.808596001E-03 
        96  1.818090677E-03  1.426460221E-03  1.408633721E-03  1.805100119E-03 
        97  1.850041677E-03  1.396146719E-03  1.393045398E-03  1.847366747E-03 
        98  1.878979965E-03  1.369082951E-03  1.377934128E-03  1.894362010E-03 
        99  1.907236176E-03  1.350940438E-03  1.335760989E-03  1.891637732E-03 
       100  1.941989409E-03  1.332987449E-03  1.345086805E-03  1.947925945E-03 
       101  1.964350697E-03  1.321249641E-03  1.293450380E-03  1.947334496E-03 
       102  1.972136088E-03  1.322202501E-03  1.295998047E-03  1.986192029E-03 
       103  1.978791784E-03  1.352940802E-03  1.357796561E-03  1.991993022E-03 
       104  1.979998313E-03  1.394822611E-03  1.403061180E-03  1.993452252E-03 
       105  1.687413082E-03  1.645205193E-03  1.639663550E-03  1.715254091E-03 
       106  1.916840323E-03  4.994939081E-05  2.101065743E-05  1.906211827E-03 
       107  1.752016367E-03  1.680684218E-04  1.573980741E-04  1.742838923E-03 
       108  1.771323150E-03  1.860562334E-04  1.829591379E-04  1.764599284E-03 
       109  1.771697192E-03  1.927470003E-04  2.086810152E-04  1.786066672E-03 
       110 -2.762882737E-03  1.880867195E-08  5.825507198E-05 -2.727486420E-03 
       111 -2.816218417E-03  1.095314838E-05  4.912679422E-05 -2.825656849E-03 
       112 -2.918940270E-03  2.662338193E-05  4.152960011E-05 -2.921255581E-03 
       113 -3.015930066E-03  3.392451617E-05  4.077177812E-05 -3.017093035E-03 
       114 -3.112276318E-03  3.911435851E-05  4.724476742E-05 -3.112842704E-03 
       115 -3.213191405E-03  2.733242400E-05  5.527762229E-05 -3.210920916E-03 
       116 -3.270952730E-03  6.453539754E-06  6.199954715E-05 -3.311930414E-03 
       117 -4.459987395E-03  2.037096965E-05  5.780932662E-05 -4.424947168E-03 
       118 -4.514140543E-03  2.037096965E-05  5.596906824E-05 -4.526306414E-03 
       119  1.392159378E-03  1.668207231E-03  1.634375832E-03  1.387002411E-03 
       120  1.390260877E-03  1.785380533E-03  1.810099402E-03  1.382461143E-03 
       121  1.407639706E-03  1.778904698E-03  1.813666166E-03  1.410868630E-03 
       122  1.424746471E-03  1.758222235E-03  1.766326056E-03  1.433835196E-03 
       123  1.442180132E-03  1.736005768E-03  1.734941224E-03  1.424706626E-03 
       124  1.448585186E-03  1.730636926E-03  1.703226066E-03  1.464389014E-03 
       125  1.466298127E-03  1.736458158E-03  1.731962175E-03  1.472705342E-03 
       126  1.409374410E-03  1.663399860E-03  1.686055091E-03  1.413624910E-03 
       127  1.449555391E-03  1.654680353E-03  1.660659986E-03  1.451366918E-03 
       128  1.510142582E-03  1.642397256E-03  1.638747362E-03  1.507103921E-03 
       129  1.636169734E-03  1.675194129E-03  1.685627301E-03  1.617964135E-03 
       130  1.664642827E-03  1.667362987E-03  1.675496708E-03  1.670018958E-03 
       131  1.660242444E-03  1.776423072E-03  1.782199968E-03  1.660432579E-03 
       132  1.705581555E-03  1.773822703E-03  1.782133242E-03  1.704231979E-03 
       133  1.743272995E-03  1.768656657E-03  1.774727542E-03  1.742742310E-03 
       134  1.767146634E-03  1.760271611E-03  1.775305427E-03  1.776653791E-03 
       135  1.772572752E-03  1.751409494E-03  1.745803435E-03  1.787931124E-03 
       136  2.010025084E-03  1.595697366E-03  1.591250291E-03  2.008106913E-03 
       137  2.036106540E-03  1.617097412E-03  1.614549645E-03  1.995319904E-03 
       138  2.037034137E-03  1.618078677E-03  1.643250047E-03  2.019691707E-03 
       139  2.060643863E-03  1.625069766E-03  1.645020803E-03  2.057695175E-03 
       140  2.096381038E-03  1.622121432E-03  1.637651436E-03  2.120974613E-03 
       141  2.123440383E-03  1.597639290E-03  1.594385786E-03  2.113121066E-03 
       142  2.140494995E-03  1.575209899E-03  1.578827015E-03  2.164550487E-03 
       143  2.134722658E-03  1.564260223E-03  1.537415746E-03  2.140568130E-03 
       144  2.107686363E-03  1.561640413E-03  1.555563887E-03  2.105372782E-03 
       145  2.067659050E-03  1.565508777E-03  1.551537216E-03  2.070480344E-03 
       146  2.023166744E-03  1.564339851E-03  1.555178835E-03  2.026855781E-03 
       147  2.444124082E-03  1.620647381E-03  1.616002404E-03  2.435220083E-03 
       148  2.467064653E-03  1.608929713E-03  1.630363279E-03  2.482504080E-03 
       149  2.477843547E-03  1.580905635E-03  1.581630475E-03  2.480464950E-03 
       150  2.479920862E-03  1.529622008E-03  1.528830526E-03  2.472081007E-03 
       151  2.461632714E-03  1.490997151E-03  1.480862986E-03  2.473401436E-03 
       152  2.278412925E-03  1.811154885E-03  1.811524261E-03  2.267541019E-03 
       153  2.279310720E-03  1.830902882E-03  1.829445302E-03  2.281740216E-03 
       154  2.281688387E-03  1.856468269E-03  1.864089860E-03  2.315357995E-03 
       155  2.274762373E-03  1.866204315E-03  1.902874782E-03  2.287559326E-03 
       156  2.246762626E-03  1.861005556E-03  1.862002734E-03  2.245510248E-03 
       157  2.477907343E-03  1.409435994E-03  1.430629914E-03  2.478038126E-03 
       158  2.220295137E-03  1.946021453E-03  1.946676450E-03  2.214724454E-03 
       159  2.232909435E-03  1.958156470E-03  1.980171155E-03  2.200067059E-03 
       160  2.239888534E-03  1.979990164E-03  1.976347358E-03  2.250814214E-03 
       161  2.467699349E-03  9.279809892E-04  9.186405087E-04  2.467038520E-03 
       162  2.407623921E-03  9.137424058E-04  9.061622691E-04  2.410611837E-03 
       163  2.361799823E-03  8.841492236E-04  8.885825418E-04  2.360262536E-03 
       164  2.337760758E-03  8.587917546E-04  8.306269191E-04  2.354383349E-03 
       165  2.320968313E-03  8.366648108E-04  8.428438263E-04  2.316124380E-03 
       166  2.303462708E-03  8.130009519E-04  8.267072934E-04  2.282355148E-03 
       167  2.281870227E-03  7.856636657E-04  7.731424081E-04  2.290297420E-03 
       168  2.249405021E-03  7.627282175E-04  7.663370685E-04  2.249834094E-03 
       169  4.617283994E-04  1.974945189E-03  1.974844604E-03  4.631898431E-04 
       170  4.211596679E-04  1.941176248E-03  1.926672699E-03  4.543770204E-04 
       171  4.007414391E-04  1.908616628E-03  1.912972231E-03  3.935666735E-04 
       172  3.753621422E-04  1.864003949E-03  1.859741076E-03  3.878779436E-04 
       173  1.838091994E-04  1.836178824E-03  1.827176184E-03  1.726120209E-04 
       174  1.448020339E-04  1.857874566E-03  1.877753079E-03  1.572261929E-04 
       175  1.031558641E-04  1.880068448E-03  1.869255230E-03  1.027193741E-04 
       176  6.855771062E-05  1.894555171E-03  1.922587147E-03  9.292035272E-05 
       177  2.476906411E-05  1.909740502E-03  1.913217268E-03  2.418366512E-05 
       178 -4.661111598E-05  1.927703386E-03  1.901941876E-03 -5.184226983E-05 
       179 -9.021309234E-05  1.937259221E-03  1.967698909E-03 -6.296029824E-05 
       180 -1.507270645E-04  1.948287128E-03  1.961727822E-03 -1.543619787E-04 
       181 -2.522230789E-04  1.954896841E-03  1.952891398E-03 -2.536683967E-04 
       182 -3.570913977E-04  1.954406034E-03  1.944888835E-03 -3.576104262E-04 
       183 -4.616400111E-04  1.955600688E-03  1.937868019E-03 -4.625970964E-04 
       184 -5.656275898E-04  1.959162531E-03  1.933420872E-03 -5.677151537E-04 
       185 -6.689711008E-04  1.958167413E-03  1.931035804E-03 -6.720340127E-04 
       186 -7.726949989E-04  1.952924533E-03  1.929621388E-03 -7.762373276E-04 
       187 -8.770786226E-04  1.947955927E-03  1.929185365E-03 -8.805429480E-04 
       188 -9.819744155E-04  1.944029937E-03  1.931300447E-03 -9.845805923E-04 
       189 -1.087630284E-03  1.940014423E-03  1.936006340E-03 -1.087852054E-03 
       190 -1.194003620E-03  1.930960454E-03  1.943793790E-03 -1.188405186E-03 
       191 -1.280534081E-03  1.914402819E-03  1.951891793E-03 -1.285628838E-03 
       192 -1.331806765E-03  1.903315075E-03  1.852236959E-03 -1.322700402E-03 
       193 -1.392900478E-03  1.901450218E-03  1.874523444E-03 -1.398003815E-03 
       194 -1.477241633E-03  1.902937074E-03  1.874830866E-03 -1.474881274E-03 
       195 -1.531206886E-03  1.905373996E-03  1.850798777E-03 -1.553051966E-03 
       196 -1.580244862E-03  1.914781635E-03  1.951318214E-03 -1.572415930E-03 
