cellnumber     x-coordinate     y-coordinate     y-coordinate     x-coordinate 
         1 -4.573252518E-03  1.991573023E-03  1.941195501E-03 -4.618455788E-03 
         2 -4.515719600E-03  1.965770265E-03  1.936762355E-03 -4.517952941E-03 
         3 -4.434307106E-03  1.974197337E-03  1.933136697E-03 -4.416522146E-03 
         4 -3.678302281E-03  1.986012794E-03  1.940709876E-03 -3.705521991E-03 
         5 -3.604188096E-03  1.970529789E-03  1.941697752E-03 -3.607061421E-03 
         6 -3.502564272E-03  1.981070964E-03  1.938766576E-03 -3.509147931E-03 
         7 -3.399343928E-03  1.994966995E-03  1.932905906E-03 -3.406640362E-03 
         8 -3.297721036E-03  1.979567343E-03  1.937228295E-03 -3.300266113E-03 
         9 -3.200485371E-03  1.956484979E-03  1.943163964E-03 -3.201366508E-03 
        10 -3.104069503E-03  1.948552323E-03  1.941788315E-03 -3.105180951E-03 
        11 -3.004996339E-03  1.943685347E-03  1.939727861E-03 -3.005310109E-03 
        12 -2.904554829E-03  1.939771813E-03  1.935561470E-03 -2.904892689E-03 
        13 -2.801929601E-03  1.937535242E-03  1.932500257E-03 -2.802616471E-03 
        14 -2.699249424E-03  1.935593667E-03  1.932111083E-03 -2.699786421E-03 
        15  5.038490053E-04  3.078508307E-04  3.145368828E-04  5.135309718E-04 
        16  4.993983312E-04  2.826842829E-04  2.813978357E-04  4.903162475E-04 
        17  4.845338117E-04  5.464025890E-04  5.373752763E-04  5.123458747E-04 
        18  5.099898553E-04  5.732662976E-04  5.968633224E-04  4.992605511E-04 
        19  5.509536131E-04  6.126803928E-04  6.101590763E-04  5.507374995E-04 
        20  5.752780125E-04  6.407112814E-04  6.204198208E-04  5.962360457E-04 
        21  5.820115330E-04  6.810625200E-04  6.830956923E-04  5.914529663E-04 
        22  5.763733061E-04  7.234024815E-04  7.332054687E-04  5.950388508E-04 
        23  5.573383532E-04  7.430366240E-04  7.435085544E-04  5.586146927E-04 
        24  5.423926050E-04  7.619607495E-04  7.541033753E-04  5.301587290E-04 
        25  5.351354484E-04  7.826581714E-04  7.888966782E-04  5.475460066E-04 
        26  5.133982049E-04  8.099770057E-04  8.019741209E-04  5.078648271E-04 
        27 -1.013651374E-03  1.471356081E-04  1.977556957E-04 -1.019009077E-03 
        28 -9.045698098E-04  1.389226964E-04  1.984103759E-04 -9.069970064E-04 
        29 -8.106077439E-04  1.320816664E-04  1.938604447E-04 -7.950795716E-04 
        30 -7.566233980E-04  1.273147791E-04  6.575810028E-05 -7.972552363E-04 
        31 -6.902000168E-04  1.196122248E-04  6.355081433E-05 -6.935649223E-04 
        32 -5.853869370E-04  1.102424503E-04  6.038485763E-05 -5.907983585E-04 
        33 -4.894884769E-04  1.063570890E-04  5.539476994E-05 -4.882335345E-04 
        34 -4.366025387E-04  1.053530141E-04  1.637269837E-04 -4.703043525E-04 
        35 -3.779935651E-04  1.043852681E-04  1.461014197E-04 -3.694341506E-04 
        36 -2.789100981E-04  1.066714103E-04  1.281231806E-04 -2.752816664E-04 
        37 -1.815006835E-04  1.166319125E-04  1.108253011E-04 -1.840752402E-04 
        38 -1.242685539E-04  1.278658747E-04  9.693807319E-05 -1.022720959E-04 
        39 -8.712690033E-05  1.341265161E-04  1.562393313E-04 -8.961924719E-05 
        40 -2.713767572E-05  1.457913459E-04  1.429506679E-04 -2.640014050E-05 
        41  1.230193084E-05  1.600161631E-04  1.372427601E-04  2.941064111E-05 
        42  4.296760744E-05  1.727649360E-04  1.880186171E-04  3.887628747E-05 
        43  2.704834333E-04  1.502891246E-04  1.408289672E-04  2.717250439E-04 
        44  3.208811686E-04  1.366592769E-04  1.341849203E-04  3.194672796E-04 
        45  3.603499790E-04  1.429064723E-04  1.243182496E-04  3.735152583E-04 
        46  3.817871329E-04  1.511530136E-04  1.775125635E-04  3.688929172E-04 
        47 -2.419814467E-03  6.707858847E-05  7.332680564E-05 -2.420594786E-03 
        48 -2.316222060E-03  6.959355233E-05  7.311501499E-05 -2.316820890E-03 
        49 -2.212923719E-03  7.274845848E-05  7.043852328E-05 -2.213196658E-03 
        50 -2.110674744E-03  7.727976481E-05  6.674919455E-05 -2.110809722E-03 
        51 -2.009242773E-03  8.561334107E-05  6.249115734E-05 -2.009269490E-03 
        52 -1.910861582E-03  9.924648475E-05  5.855735120E-05 -1.909155614E-03 
        53 -1.847558655E-03  1.109715013E-04  5.673498202E-05 -1.809930395E-03 
        54 -1.798302867E-03  1.166761940E-04  1.639647349E-04 -1.816655033E-03 
        55 -1.715544146E-03  1.226394670E-04  1.637208916E-04 -1.719440979E-03 
        56 -1.616407186E-03  1.318908617E-04  1.642989390E-04 -1.619670736E-03 
        57 -1.519016805E-03  1.438838663E-04  1.628884477E-04 -1.521335975E-03 
        58 -1.424838440E-03  1.550255110E-04  1.617335276E-04 -1.426165312E-03 
        59 -1.329047722E-03  1.606092846E-04  1.668645453E-04 -1.329549773E-03 
        60 -1.228278852E-03  1.610893523E-04  1.792718652E-04 -1.230890175E-03 
        61 -1.122520305E-03  1.559734519E-04  1.909506707E-04 -1.127491208E-03 
        62 -2.597277518E-03  1.934075961E-03  1.933004749E-03 -2.597631251E-03 
        63 -2.495259978E-03  1.932927757E-03  1.934575948E-03 -2.495273050E-03 
        64 -2.393241972E-03  1.931511331E-03  1.936099255E-03 -2.392953671E-03 
        65 -2.290127566E-03  1.930548926E-03  1.936053435E-03 -2.289587949E-03 
        66 -2.185816644E-03  1.930690254E-03  1.934468811E-03 -2.185353151E-03 
        67 -2.081483370E-03  1.930317259E-03  1.932282097E-03 -2.081243068E-03 
        68 -1.977392239E-03  1.928486978E-03  1.931099759E-03 -1.977459928E-03 
        69 -1.873414963E-03  1.924065640E-03  1.931720263E-03 -1.874312453E-03 
        70 -1.768025104E-03  1.913258922E-03  1.935050064E-03 -1.771475459E-03 
        71 -1.689897501E-03  1.894983230E-03  1.942464568E-03 -1.670585838E-03 
        72 -1.636355533E-03  1.881152624E-03  1.825174706E-03 -1.645199728E-03 
        73 -2.523426898E-03  6.538802700E-05  7.110491468E-05 -2.524064784E-03 
        74 -2.627453301E-03  6.541947369E-05  6.600393607E-05 -2.626677037E-03 
        75 -2.732078079E-03  6.977402518E-05  5.825507198E-05 -2.727486420E-03 
        76 -2.827123040E-03  8.337762119E-05  4.912679422E-05 -2.825656849E-03 
        77 -2.879237523E-03  9.360047261E-05  1.519967680E-04 -2.860687855E-03 
        78 -2.932139672E-03  9.308084555E-05  1.245868552E-04 -2.938612863E-03 
        79 -3.010945395E-03  8.941111446E-05  1.214414492E-04 -3.016459697E-03 
        80 -3.053795313E-03  8.421191887E-05  4.077177812E-05 -3.017093035E-03 
        81 -3.110035555E-03  7.085479592E-05  4.724476742E-05 -3.112842704E-03 
        82 -3.210144350E-03  5.218575825E-05  5.527762229E-05 -3.210920916E-03 
        83 -3.314284841E-03  2.553024569E-05  6.199954715E-05 -3.311930414E-03 
        84 -3.378356574E-03  3.263747658E-06  6.462525821E-05 -3.415662322E-03 
        85 -3.633440472E-03  7.800272215E-06  5.980250934E-05 -3.623612789E-03 
        86 -3.721734509E-03  1.891595093E-05  5.360691041E-05 -3.723738008E-03 
        87 -3.821731778E-03  1.543124745E-05  5.102335929E-05 -3.822366682E-03 
        88 -3.875892144E-03  4.315567821E-06  5.225894635E-05 -3.921222529E-03 
        89 -4.750625230E-03  2.778970884E-05  6.050692886E-05 -4.730923795E-03 
        90 -4.830683116E-03  3.195480167E-05  6.405840120E-05 -4.833593435E-03 
        91 -4.882487003E-03  4.165091468E-06  6.643712700E-05 -4.937359311E-03 
        92  7.103430689E-04  1.747422735E-03  1.738821935E-03  7.034492159E-04 
        93  7.010396221E-04  1.765137888E-03  1.774334958E-03  7.271590765E-04 
        94  7.501108921E-04  1.851170906E-03  1.869922935E-03  7.469520074E-04 
        95  7.917918265E-04  1.862491132E-03  1.871891671E-03  7.893351986E-04 
        96  8.370771538E-04  1.877098344E-03  1.864680410E-03  8.495539732E-04 
        97  8.682276821E-04  1.897574868E-03  1.912714690E-03  8.478213595E-04 
        98  8.910135948E-04  1.924971351E-03  1.906070019E-03  9.149439262E-04 
        99  9.033743991E-04  1.969628502E-03  1.969865344E-03  9.053965490E-04 
       100  8.670249372E-04  1.567600761E-03  1.570266400E-03  8.771817325E-04 
       101  8.783358498E-04  1.525678439E-03  1.533635295E-03  8.628923161E-04 
       102  4.919670173E-04  8.281142218E-04  8.392936969E-04  5.171645479E-04 
       103  4.686993198E-04  8.460470708E-04  8.575651773E-04  4.776334070E-04 
       104  5.056592054E-04  9.156356100E-04  9.062009124E-04  5.044511231E-04 
       105  5.416288623E-04  9.269903530E-04  9.078226562E-04  5.611508682E-04 
       106  5.741537898E-04  9.474827093E-04  9.630086619E-04  5.649532029E-04 
       107  6.150272093E-04  9.772443445E-04  9.694836926E-04  6.258681885E-04 
       108  6.414165255E-04  1.018902753E-03  1.017535535E-03  6.248359214E-04 
       109  6.440241123E-04  1.069825375E-03  1.068915009E-03  6.281222907E-04 
       110  6.368507748E-04  1.117313746E-03  1.116758655E-03  6.323463849E-04 
       111  6.423286395E-04  1.164226793E-03  1.164497281E-03  6.363282554E-04 
       112  6.555910222E-04  1.193354139E-03  1.215754513E-03  6.403643296E-04 
       113  6.801534910E-04  1.204701490E-03  1.211542913E-03  6.798978108E-04 
       114  7.253063377E-04  1.215195400E-03  1.222902250E-03  7.211581400E-04 
       115  7.692449144E-04  1.227998873E-03  1.250418340E-03  7.573686663E-04 
       116  7.933176821E-04  1.241282444E-03  1.222803645E-03  7.900575138E-04 
       117  7.998786750E-04  1.245718799E-03  1.236159677E-03  8.323213505E-04 
       118  8.132953080E-04  1.260360586E-03  1.278184961E-03  7.946118835E-04 
       119  5.110385828E-04  1.985405805E-03  1.972141317E-03  5.472809736E-04 
       120  4.940169747E-04  1.963664312E-03  1.974844604E-03  4.631898431E-04 
       121  4.639189283E-04  1.925631892E-03  1.926672699E-03  4.543770204E-04 
       122  4.421203339E-04  1.885552309E-03  1.888194974E-03  4.650015219E-04 
       123  4.440742196E-04  1.854982809E-03  1.854365445E-03  4.333726697E-04 
       124  4.451523419E-04  1.827934757E-03  1.828372016E-03  4.648879099E-04 
       125  4.359225277E-04  1.811407506E-03  1.814672172E-03  4.200604828E-04 
       126  4.182727425E-04  1.780761639E-03  1.781306276E-03  4.214006858E-04 
       127  3.990044061E-04  1.745509799E-03  1.741076943E-03  4.228652845E-04 
       128  3.576402960E-04  1.738417661E-03  1.735704094E-03  3.579512734E-04 
       129  3.186734102E-04  1.750329393E-03  1.731394296E-03  2.963214238E-04 
       130  2.888080780E-04  1.765473164E-03  1.775497366E-03  2.941201200E-04 
       131  2.418397635E-04  1.786399283E-03  1.779225650E-03  2.401065689E-04 
       132  1.840980112E-04  1.798339421E-03  1.780499494E-03  1.843295540E-04 
       133  1.476073667E-04  1.801755629E-03  1.827176184E-03  1.726120209E-04 
       134  1.149660675E-04  1.809154055E-03  1.817677128E-03  1.132435071E-04 
       135  5.193895049E-05  1.817307202E-03  1.805967332E-03  5.749661979E-05 
       136  1.681882168E-05  1.818791032E-03  1.781158464E-03  4.654104666E-06 
       137 -2.547206350E-05  1.827418688E-03  1.837239083E-03 -2.807587275E-05 
       138 -1.136714127E-04  1.830506255E-03  1.799108044E-03 -1.026290357E-04 
       139 -2.233456034E-04  1.809657668E-03  1.763005685E-03 -2.091987439E-04 
       140 -3.409548081E-04  1.777668600E-03  1.737121202E-03 -3.367557281E-04 
       141 -4.560107482E-04  1.748410519E-03  1.710177380E-03 -4.540709880E-04 
       142 -5.739373155E-04  1.729605370E-03  1.685899961E-03 -5.732873532E-04 
       143 -6.833743537E-04  1.725067268E-03  1.667847002E-03 -6.926314843E-04 
       144 -7.409608224E-04  1.728787669E-03  1.796639734E-03 -6.854871096E-04 
       145 -8.022557595E-04  1.748916344E-03  1.790760351E-03 -7.968246720E-04 
       146 -9.115356952E-04  1.778871287E-03  1.790070130E-03 -9.093602063E-04 
       147 -1.020442345E-03  1.799541293E-03  1.796283957E-03 -1.021157300E-03 
       148 -1.128173666E-03  1.818002202E-03  1.809803006E-03 -1.130717216E-03 
       149 -1.231625560E-03  1.836053329E-03  1.829368103E-03 -1.233805673E-03 
       150 -1.328089042E-03  1.841770834E-03  1.852236959E-03 -1.322700402E-03 
       151 -1.388702658E-03  1.833115937E-03  1.874523444E-03 -1.398003815E-03 
       152 -1.434275531E-03  1.830602996E-03  1.805742876E-03 -1.440477852E-03 
       153 -1.486116555E-03  1.845830586E-03  1.874830866E-03 -1.474881274E-03 
       154 -1.557004871E-03  1.867804094E-03  1.850798777E-03 -1.553051966E-03 
       155  4.290942743E-04  1.679078676E-03  1.700292306E-03  4.170827788E-04 
       156  4.237715621E-04  1.653612591E-03  1.653308906E-03  4.075532554E-04 
       157  4.233292420E-04  1.628309139E-03  1.600437603E-03  4.090530983E-04 
