cellnumber     x-coordinate     y-coordinate     y-coordinate     x-coordinate 
         1 -4.720380064E-03  1.928206650E-03  1.945594745E-03 -4.718454719E-03 
         2 -4.620308056E-03  1.927652746E-03  1.941195501E-03 -4.618455788E-03 
         3 -4.519455135E-03  1.926604658E-03  1.936762355E-03 -4.517952941E-03 
         4 -4.417539109E-03  1.925467514E-03  1.933136697E-03 -4.416522146E-03 
         5 -4.314856138E-03  1.923773088E-03  1.931426409E-03 -4.314333929E-03 
         6 -4.211842082E-03  1.919939765E-03  1.931636683E-03 -4.211520295E-03 
         7 -4.109248985E-03  1.907538972E-03  1.933075753E-03 -4.109019672E-03 
         8 -4.032942932E-03  1.883557648E-03  1.934369578E-03 -4.006508197E-03 
         9 -3.980886657E-03  1.861856668E-03  1.802305617E-03 -4.005445002E-03 
        10 -3.903463716E-03  1.840557205E-03  1.806644950E-03 -3.902767296E-03 
        11 -3.804055275E-03  1.816137810E-03  1.812545300E-03 -3.804174341E-03 
        12 -3.713319544E-03  1.783775515E-03  1.819800249E-03 -3.709773381E-03 
        13 -3.668688005E-03  1.761150314E-03  1.695610767E-03 -3.698603814E-03 
        14 -3.600211348E-03  1.750707044E-03  1.725771232E-03 -3.598763175E-03 
        15 -3.517519915E-03  1.751608448E-03  1.813614371E-03 -3.530884481E-03 
        16 -3.452035366E-03  1.743860892E-03  1.792836158E-03 -3.420808489E-03 
        17 -3.366415389E-03  1.716721919E-03  1.623717263E-03 -3.387622595E-03 
        18 -3.251948394E-03  1.673907042E-03  1.670684137E-03 -3.245474741E-03 
        19 -3.107308177E-03  1.610464067E-03  1.572965532E-03 -3.129599723E-03 
        20 -2.979810582E-03  1.547256834E-03  1.532733347E-03 -2.985749377E-03 
        21 -2.887033159E-03  1.485166023E-03  1.524344534E-03 -2.855572715E-03 
        22 -2.822496695E-03  1.428182353E-03  1.370707427E-03 -2.857701187E-03 
        23 -2.744700992E-03  1.353309257E-03  1.383368829E-03 -2.720372596E-03 
        24 -2.666393062E-03  1.221821294E-03  1.214837961E-03 -2.695297080E-03 
        25 -2.643076703E-03  1.030394691E-03  1.026260964E-03 -2.666685451E-03 
        26 -2.685833955E-03  8.653629338E-04  8.378607456E-04 -2.646158262E-03 
        27 -2.748497296E-03  7.682249998E-04  8.198539128E-04 -2.798924287E-03 
        28 -2.810857492E-03  6.851645885E-04  6.374369532E-04 -2.768781384E-03 
        29 -2.927777823E-03  5.779004423E-04  5.940152579E-04 -2.930817644E-03 
        30 -3.063904587E-03  4.969838774E-04  5.770121250E-04 -3.096991608E-03 
        31 -3.155086422E-03  4.664305598E-04  4.111683702E-04 -3.119425997E-03 
        32 -3.262613667E-03  4.331324017E-04  4.330764328E-04 -3.263609028E-03 
        33 -3.399026813E-03  3.908308281E-04  4.354468590E-04 -3.398886197E-03 
        34 -3.469797550E-03  3.687585995E-04  4.298166956E-04 -3.535901598E-03 
        35 -3.531286493E-03  3.452643869E-04  3.052548116E-04 -3.526687042E-03 
        36 -3.658259055E-03  3.065553319E-04  2.876058839E-04 -3.654121120E-03 
        37 -3.756694496E-03  2.908318129E-04  2.515954518E-04 -3.762196423E-03 
        38 -3.815538017E-03  2.842931717E-04  3.436101291E-04 -3.820011096E-03 
        39 -3.891276894E-03  2.597894054E-04  2.486685537E-04 -3.888261565E-03 
        40 -3.965031356E-03  2.331815194E-04  2.890524311E-04 -3.988128188E-03 
        41 -4.026462790E-03  2.064377331E-04  1.710031183E-04 -4.010975930E-03 
        42 -4.114489537E-03  1.767898648E-04  1.828761303E-04 -4.114592750E-03 
        43 -4.220928997E-03  1.530166046E-04  1.846604581E-04 -4.220260345E-03 
        44 -4.324099980E-03  1.311826200E-04  1.783337167E-04 -4.324251424E-03 
        45 -4.398789722E-03  1.184693974E-04  1.690666060E-04 -4.425174748E-03 
        46 -4.449021071E-03  1.105931442E-04  5.780932662E-05 -4.424947168E-03 
        47 -4.526506644E-03  1.001653582E-04  5.596906824E-05 -4.526306414E-03 
        48 -4.628886934E-03  8.513648936E-05  5.666467444E-05 -4.629023667E-03 
        49 -4.730615765E-03  6.935976126E-05  6.050692886E-05 -4.730923795E-03 
        50 -4.832906183E-03  6.052308527E-05  6.405840120E-05 -4.833593435E-03 
        51 -4.935796838E-03  5.473169585E-05  6.643712700E-05 -4.937359311E-03 
        52 -5.038019270E-03  4.552627433E-05  6.693967668E-05 -5.041680553E-03 
        53 -5.139178131E-03  3.496916543E-05  6.473279037E-05 -5.145436630E-03 
        54 -5.241267383E-03  3.223920430E-05  5.901185833E-05 -5.247603241E-03 
        55 -5.203502718E-03  1.978067914E-03  1.934327000E-03 -5.221331158E-03 
        56 -5.117957015E-03  1.950564561E-03  1.938990709E-03 -5.118253907E-03 
        57 -5.016733427E-03  1.941971947E-03  1.944484711E-03 -5.017463170E-03 
        58 -4.918434657E-03  1.935418230E-03  1.948290908E-03 -4.918495029E-03 
        59 -4.820123315E-03  1.930109109E-03  1.948353827E-03 -4.818912674E-03 
        60 -5.515992641E-03  1.564191916E-05  4.459777306E-05 -5.537449764E-03 
        61 -5.440318026E-03  3.323872807E-05  4.492314267E-05 -5.441885650E-03 
        62 -5.342524499E-03  3.451678640E-05  5.082560188E-05 -5.345947182E-03 
