cellnumber     x-coordinate     y-coordinate     y-coordinate     x-coordinate 
         1 -4.381557927E-03  1.978782704E-03  1.933136697E-03 -4.416522146E-03 
         2 -4.312798381E-03  1.955734566E-03  1.931426409E-03 -4.314333929E-03 
         3 -4.248503596E-03  1.976951957E-03  1.931636683E-03 -4.211520295E-03 
         4 -3.380159382E-03  1.997960266E-03  1.932905906E-03 -3.406640362E-03 
         5 -3.327667480E-03  1.997960266E-03  1.937228295E-03 -3.300266113E-03 
         6 -3.172998782E-03  1.997231506E-03  1.943163964E-03 -3.201366508E-03 
         7 -3.097952809E-03  1.983276336E-03  1.941788315E-03 -3.105180951E-03 
         8 -3.000482451E-03  1.966084121E-03  1.939727861E-03 -3.005310109E-03 
         9 -2.900996245E-03  1.957124565E-03  1.935561470E-03 -2.904892689E-03 
        10 -2.799626905E-03  1.950369449E-03  1.932500257E-03 -2.802616471E-03 
        11 -2.697978634E-03  1.944113174E-03  1.932111083E-03 -2.699786421E-03 
        12  1.041621435E-03  1.968321158E-05  3.561057739E-05  1.060296711E-03 
        13  1.016843831E-03  1.968321158E-05  3.973284875E-05  9.851097223E-04 
        14  6.477241404E-04  8.505638107E-06  2.274665324E-05  6.657491188E-04 
        15  6.045945338E-04  1.054777931E-05  2.138182500E-05  6.018984717E-04 
        16 -1.010293374E-03  1.179915052E-04  6.636507486E-05 -1.005326591E-03 
        17 -9.369698819E-04  1.290878281E-04  6.680606303E-05 -9.013910211E-04 
        18 -8.835507324E-04  1.342891046E-04  1.984103759E-04 -9.069970064E-04 
        19 -7.962349919E-04  1.365215867E-04  1.938604447E-04 -7.950795716E-04 
        20 -6.890910445E-04  1.345225173E-04  1.869981581E-04 -6.853314307E-04 
        21 -5.834682379E-04  1.276219555E-04  1.774708527E-04 -5.775250902E-04 
        22 -4.780618474E-04  1.178185994E-04  1.637269837E-04 -4.703043525E-04 
        23 -3.769113100E-04  1.092829480E-04  1.461014197E-04 -3.694341506E-04 
        24 -2.788988349E-04  1.067089688E-04  1.281231806E-04 -2.752816664E-04 
        25 -1.810132380E-04  1.191419942E-04  1.108253011E-04 -1.840752402E-04 
        26 -1.209452748E-04  1.307556813E-04  9.693807319E-05 -1.022720959E-04 
        27 -8.560704737E-05  1.277989941E-04  1.562393313E-04 -8.961924719E-05 
        28 -6.014737301E-05  1.228261826E-04  1.429506679E-04 -2.640014050E-05 
        29 -3.648715210E-05  9.081348253E-05  8.900635807E-05 -3.160334126E-05 
        30 -5.508941740E-06  5.261351544E-05  3.067821061E-05 -2.973995391E-05 
        31  2.262322050E-05  2.216731627E-05  3.393898202E-05  4.248468120E-05 
        32  1.769122609E-04  2.259663961E-05  2.186998844E-05  1.544726897E-04 
        33  1.820849138E-04  2.321834108E-05  2.931386421E-05  2.067113238E-04 
        34  5.727752578E-04  2.042140295E-06  1.926840855E-05  5.412139952E-04 
        35 -2.419081051E-03  6.197608309E-05  7.332680564E-05 -2.420594786E-03 
        36 -2.315693302E-03  6.411984214E-05  7.311501499E-05 -2.316820890E-03 
        37 -2.212541644E-03  6.612756260E-05  7.043852328E-05 -2.213196658E-03 
        38 -2.110360889E-03  6.849961937E-05  6.674919455E-05 -2.110809722E-03 
        39 -2.008922398E-03  7.282024308E-05  6.249115734E-05 -2.009269490E-03 
        40 -1.909872866E-03  7.928881678E-05  5.855735120E-05 -1.909155614E-03 
        41 -1.811859081E-03  8.749954577E-05  5.673498202E-05 -1.809930395E-03 
        42 -1.712823287E-03  9.385890735E-05  5.515330775E-05 -1.709579807E-03 
        43 -1.612921013E-03  9.713770851E-05  5.457516422E-05 -1.609092055E-03 
        44 -1.514374046E-03  1.011204440E-04  5.383556151E-05 -1.509067679E-03 
        45 -1.417677733E-03  1.059565184E-04  5.490773208E-05 -1.410009075E-03 
        46 -1.318789204E-03  1.073487947E-04  5.715688499E-05 -1.310405891E-03 
        47 -1.217430225E-03  1.047927071E-04  6.005970237E-05 -1.209844188E-03 
        48 -1.114814891E-03  1.067058765E-04  6.361088174E-05 -1.108407631E-03 
        49 -2.596478676E-03  1.940009650E-03  1.933004749E-03 -2.597631251E-03 
        50 -2.494797111E-03  1.936717541E-03  1.934575948E-03 -2.495273050E-03 
        51 -2.393086674E-03  1.932890969E-03  1.936099255E-03 -2.392953671E-03 
        52 -2.290160162E-03  1.929924940E-03  1.936053435E-03 -2.289587949E-03 
        53 -2.185859019E-03  1.929721097E-03  1.934468811E-03 -2.185353151E-03 
        54 -2.081515500E-03  1.930940081E-03  1.932282097E-03 -2.081243068E-03 
        55 -1.977582462E-03  1.931853010E-03  1.931099759E-03 -1.977459928E-03 
        56 -1.874067937E-03  1.931619947E-03  1.931720263E-03 -1.874312453E-03 
        57 -1.770056668E-03  1.929505495E-03  1.935050064E-03 -1.771475459E-03 
        58 -1.666479744E-03  1.920935465E-03  1.942464568E-03 -1.670585838E-03 
        59  1.435594400E-03  3.131329140E-05  3.086320835E-05  1.462606141E-03 
        60  1.459330204E-03  9.538702579E-05  9.659987960E-05  1.457926661E-03 
        61  1.455438090E-03  1.550270827E-04  1.550347433E-04  1.467299926E-03 
        62  1.442441950E-03  1.878900512E-04  1.783614129E-04  1.413342180E-03 
        63  1.440717140E-03  2.181143645E-04  2.219664265E-04  1.435084527E-03 
        64  1.435711398E-03  2.668706293E-04  2.682717462E-04  1.438105037E-03 
        65  1.417142455E-03  3.107078956E-04  3.110205828E-04  1.429157492E-03 
        66  1.399727422E-03  3.341483243E-04  3.604196062E-04  1.414468662E-03 
        67  1.390128746E-03  3.639550123E-04  3.606000763E-04  1.370331205E-03 
        68  1.383392722E-03  4.235037777E-04  4.251822014E-04  1.372849306E-03 
        69  1.367281540E-03  4.826268123E-04  4.834636750E-04  1.376110206E-03 
        70  1.346847508E-03  5.100555136E-04  5.289337090E-04  1.374345985E-03 
        71  1.321427873E-03  5.217907601E-04  5.381252169E-04  1.322566053E-03 
        72  1.286659623E-03  5.234285491E-04  5.481837696E-04  1.272603813E-03 
        73  1.257427852E-03  5.086676101E-04  4.863846088E-04  1.268324174E-03 
        74  1.218388556E-03  4.850258119E-04  4.925679392E-04  1.218002401E-03 
        75  1.170612173E-03  4.964495893E-04  4.972470351E-04  1.166031196E-03 
        76  1.141992980E-03  5.302418140E-04  5.505086844E-04  1.165203791E-03 
        77  1.131651923E-03  5.564335152E-04  5.512505778E-04  1.113143801E-03 
        78  1.123541151E-03  6.069399533E-04  6.073876834E-04  1.106126701E-03 
        79  1.104553230E-03  6.557118031E-04  6.597188569E-04  1.107170693E-03 
        80  1.065416262E-03  7.793196128E-04  7.624601683E-04  1.099526786E-03 
        81  1.081655966E-03  8.051089826E-04  8.038144634E-04  1.096811606E-03 
        82  1.107639633E-03  8.568111807E-04  8.561175837E-04  1.109418916E-03 
        83  1.117921551E-03  8.983354783E-04  9.015972029E-04  1.132509972E-03 
        84  9.140426992E-04  5.666644429E-04  5.882645616E-04  9.439673975E-04 
        85 -2.522331197E-03  5.970934581E-05  7.110491468E-05 -2.524064784E-03 
        86 -2.625592519E-03  5.778484046E-05  6.600393607E-05 -2.626677037E-03 
        87 -2.728523221E-03  5.722857532E-05  5.825507198E-05 -2.727486420E-03 
        88 -2.829738893E-03  5.894482820E-05  4.912679422E-05 -2.825656849E-03 
        89 -2.925882349E-03  6.113047129E-05  4.152960011E-05 -2.921255581E-03 
        90 -3.017468844E-03  5.578876880E-05  4.077177812E-05 -3.017093035E-03 
        91 -3.113263054E-03  3.469878357E-05  4.724476742E-05 -3.112842704E-03 
        92 -3.184627276E-03  9.790729564E-06  5.527762229E-05 -3.210920916E-03 
        93 -4.648386966E-03  2.548791053E-05  5.666467444E-05 -4.629023667E-03 
        94 -4.710252862E-03  2.548791053E-05  6.050692886E-05 -4.730923795E-03 
        95  1.219553058E-03  1.504937652E-03  1.507255518E-03  1.219270325E-03 
        96  1.249739784E-03  1.487724134E-03  1.455343668E-03  1.223109585E-03 
        97  1.275445218E-03  1.479598577E-03  1.458819446E-03  1.274396272E-03 
        98  1.319271745E-03  1.451048069E-03  1.458717048E-03  1.326042938E-03 
        99  1.347055659E-03  1.401344547E-03  1.394709412E-03  1.323716565E-03 
       100  1.340242103E-03  1.347303740E-03  1.345829278E-03  1.336104280E-03 
       101  1.259072218E-03  1.169852214E-03  1.172350238E-03  1.268689728E-03 
       102  1.246077358E-03  1.133631100E-03  1.127620989E-03  1.257321610E-03 
       103  1.217988553E-03  1.093254774E-03  1.095456704E-03  1.221701181E-03 
       104  1.199570717E-03  1.071494655E-03  1.052563751E-03  1.227278995E-03 
       105  1.182990614E-03  1.058872440E-03  1.043056955E-03  1.184103585E-03 
       106  7.196504157E-04  1.926292083E-03  1.916538659E-03  7.319315390E-04 
       107  7.036972092E-04  1.963490155E-03  1.967816509E-03  7.115485931E-04 
       108  1.051116502E-03  1.598116243E-03  1.592299109E-03  1.039326032E-03 
       109  1.043650205E-03  1.645091921E-03  1.649630690E-03  1.062090514E-03 
       110  1.042161020E-03  1.678901957E-03  1.661841842E-03  1.021549211E-03 
       111  1.041251584E-03  1.697285799E-03  1.720106000E-03  1.004093851E-03 
       112  1.052587759E-03  1.756840502E-03  1.761767092E-03  1.051098779E-03 
       113  1.071941340E-03  1.826865948E-03  1.809861486E-03  1.115217514E-03 
       114  1.106452430E-03  1.872743480E-03  1.890758872E-03  1.085454211E-03 
       115  1.172651071E-03  1.889111358E-03  1.904909458E-03  1.174848944E-03 
       116  1.218345133E-03  1.874704962E-03  1.838381267E-03  1.193961290E-03 
       117  1.265429892E-03  1.861034194E-03  1.856961563E-03  1.267478446E-03 
       118  1.327215345E-03  1.843111240E-03  1.867500230E-03  1.331326106E-03 
       119  1.353923930E-03  1.834132941E-03  1.813306485E-03  1.337936873E-03 
       120  1.377061009E-03  1.827384345E-03  1.810099402E-03  1.382461143E-03 
       121  1.398023800E-03  1.832930138E-03  1.813666166E-03  1.410868630E-03 
       122  1.407032833E-03  1.867987914E-03  1.868211398E-03  1.409581679E-03 
       123  1.430579345E-03  1.898056711E-03  1.915664079E-03  1.434807790E-03 
       124  1.419548644E-03  1.980312867E-03  1.974436451E-03  1.399548220E-03 
       125  1.466330257E-03  1.971250167E-03  1.977384376E-03  1.464514448E-03 
       126  1.503520412E-03  1.990937395E-03  1.979290681E-03  1.525055689E-03 
       127  1.681343652E-03  1.973954029E-03  1.973460428E-03  1.707257894E-03 
       128  1.677076216E-03  1.946389792E-03  1.917593129E-03  1.718751741E-03 
       129  1.667040633E-03  1.920510433E-03  1.923318898E-03  1.639927620E-03 
       130  1.639338909E-03  1.883609104E-03  1.876924252E-03  1.647737271E-03 
       131  7.910274435E-04  1.915692003E-03  1.917288781E-03  7.843240008E-04 
       132  8.452704642E-04  1.922711148E-03  1.912714690E-03  8.478213595E-04 
       133  9.030603687E-04  1.889970619E-03  1.906070019E-03  9.149439262E-04 
       134  9.030965157E-04  1.862882869E-03  1.846867949E-03  9.118974599E-04 
       135  8.486434235E-04  1.866263803E-03  1.864680410E-03  8.495539732E-04 
       136  7.943643141E-04  1.886332291E-03  1.871891671E-03  7.893351986E-04 
       137  9.133126005E-04  5.668223021E-04  5.935898340E-04  8.973054131E-04 
       138  6.747191073E-04  1.964600990E-03  1.971384957E-03  6.606343684E-04 
       139  5.159621942E-04  1.986394171E-03  1.972141317E-03  5.472809736E-04 
       140  4.892129218E-04  1.964048715E-03  1.974844604E-03  4.631898431E-04 
       141  4.447099054E-04  1.934071886E-03  1.926672699E-03  4.543770204E-04 
       142  4.079279897E-04  1.898999210E-03  1.912972231E-03  3.935666735E-04 
       143  3.902831231E-04  1.859815791E-03  1.859741076E-03  3.878779436E-04 
       144  3.623935336E-04  1.817469951E-03  1.815530276E-03  3.660791114E-04 
       145  3.339156392E-04  1.789461239E-03  1.778576375E-03  3.562106028E-04 
       146  2.938270627E-04  1.776925055E-03  1.775497366E-03  2.941201200E-04 
       147  2.417218784E-04  1.784263877E-03  1.779225650E-03  2.401065689E-04 
       148  1.815220894E-04  1.796008553E-03  1.780499494E-03  1.843295540E-04 
       149  1.441675413E-04  1.799159450E-03  1.772320070E-03  1.239196254E-04 
       150  1.140471068E-04  1.807538792E-03  1.817677128E-03  1.132435071E-04 
       151  5.544921441E-05  1.818974270E-03  1.805967332E-03  5.749661979E-05 
       152  2.051961019E-05  1.824651612E-03  1.856895194E-03  3.873604122E-05 
       153 -2.800546463E-05  1.836577547E-03  1.837239083E-03 -2.807587275E-05 
       154 -9.463998140E-05  1.846132916E-03  1.799108044E-03 -1.026290357E-04 
       155 -1.454914163E-04  1.852449612E-03  1.883818147E-03 -1.349995385E-04 
       156 -2.326248214E-04  1.853713882E-03  1.860738437E-03 -2.355958718E-04 
       157 -3.474179248E-04  1.843213919E-03  1.840478751E-03 -3.480552224E-04 
       158 -4.597550724E-04  1.837657532E-03  1.821449334E-03 -4.602820078E-04 
       159 -5.716290325E-04  1.843382488E-03  1.806583953E-03 -5.736423995E-04 
       160 -6.796282833E-04  1.854720642E-03  1.796639734E-03 -6.854871096E-04 
       161 -7.414630381E-04  1.860762015E-03  1.790760351E-03 -7.968246720E-04 
       162 -7.934432360E-04  1.869307249E-03  1.929621388E-03 -7.762373276E-04 
       163 -8.894919883E-04  1.882630400E-03  1.929185365E-03 -8.805429480E-04 
       164 -9.950923268E-04  1.890032319E-03  1.931300447E-03 -9.845805923E-04 
       165 -1.102840528E-03  1.889503328E-03  1.936006340E-03 -1.087852054E-03 
       166 -1.167863025E-03  1.884871279E-03  1.943793790E-03 -1.188405186E-03 
       167 -1.220118836E-03  1.883888850E-03  1.829368103E-03 -1.233805673E-03 
       168 -1.309016137E-03  1.885751029E-03  1.852236959E-03 -1.322700402E-03 
       169 -1.396262553E-03  1.886143116E-03  1.874523444E-03 -1.398003815E-03 
       170 -1.476295874E-03  1.890535001E-03  1.874830866E-03 -1.474881274E-03 
       171 -1.547413180E-03  1.897407463E-03  1.850798777E-03 -1.553051966E-03 
       172 -1.597035211E-03  1.906722435E-03  1.951318214E-03 -1.572415930E-03 
