cellnumber     x-coordinate     y-coordinate     y-coordinate     x-coordinate 
         1 -7.217000239E-03  1.982479356E-03  1.944399857E-03 -7.242192487E-03 
         2 -7.137999870E-03  1.928884652E-03  1.943623210E-03 -7.139969121E-03 
         3 -7.080338895E-03  1.890531625E-03  1.945684832E-03 -7.039325207E-03 
         4 -7.024739869E-03  1.826142659E-03  1.827635481E-03 -7.026390875E-03 
         5 -6.970187183E-03  1.761750784E-03  1.709312179E-03 -7.012984232E-03 
         6 -6.921302062E-03  1.711689983E-03  1.716239632E-03 -6.896963170E-03 
         7 -6.853775121E-03  1.587752369E-03  1.595006823E-03 -6.874508103E-03 
         8 -6.831485778E-03  1.504208776E-03  1.460859758E-03 -6.899216063E-03 
         9 -6.779846270E-03  1.406830503E-03  1.401417982E-03 -6.751515199E-03 
        10 -7.347837556E-03  6.107749505E-05  5.737685240E-05 -7.354071086E-03 
        11 -7.319448050E-03  1.273449161E-04  1.422668811E-04 -7.375525363E-03 
        12 -7.314023096E-03  1.381302718E-04  1.754857472E-04 -7.327959652E-03 
        13 -7.274580188E-03  1.985426497E-04  1.893679835E-04 -7.268135155E-03 
        14 -7.228583563E-03  2.665237989E-04  2.095751859E-04 -7.169491487E-03 
        15 -7.187948562E-03  3.560058540E-04  3.568042961E-04 -7.177363414E-03 
        16 -7.134872954E-03  4.652703647E-04  4.950436487E-04 -7.175818792E-03 
        17 -7.088540588E-03  5.235066637E-04  4.866995511E-04 -7.049256982E-03 
        18 -7.026111707E-03  5.847774446E-04  6.082044584E-04 -7.052081034E-03 
        19 -6.960132159E-03  6.456194096E-04  6.095685437E-04 -6.912598257E-03 
        20 -6.894344930E-03  7.308580680E-04  7.390635380E-04 -6.921463901E-03 
        21 -6.846554112E-03  8.161869482E-04  7.752089053E-04 -6.778336143E-03 
        22 -6.811935455E-03  8.924835711E-04  9.106589859E-04 -6.840671478E-03 
        23 -6.770920474E-03  1.036868896E-03  1.043330452E-03 -6.783000697E-03 
        24 -6.742103025E-03  1.223372645E-03  1.236990949E-03 -6.777087641E-03 
