cellnumber     x-coordinate     y-coordinate     y-coordinate     x-coordinate 
         1 -7.309558801E-03  1.981006702E-03  1.945995133E-03 -7.344250969E-03 
         2 -7.252566982E-03  1.925157849E-03  1.944399857E-03 -7.242192487E-03 
         3 -7.197560742E-03  1.873255707E-03  1.832598889E-03 -7.234001748E-03 
         4 -7.154120132E-03  1.813737559E-03  1.828359745E-03 -7.129127131E-03 
         5 -7.106881589E-03  1.713823760E-03  1.714456150E-03 -7.120743690E-03 
         6 -7.076760754E-03  1.600255840E-03  1.603951744E-03 -7.113649781E-03 
         7 -7.059899624E-03  1.523279818E-03  1.488695453E-03 -7.107030942E-03 
         8 -7.045689039E-03  1.465961803E-03  1.487569361E-03 -7.004028477E-03 
         9 -7.023151033E-03  1.381700044E-03  1.386300693E-03 -6.985053319E-03 
        10 -7.408533245E-03  1.763004184E-05  4.873244441E-05 -7.453501035E-03 
        11 -7.390379440E-03  7.258825644E-05  5.737685240E-05 -7.354071086E-03 
        12 -7.378729992E-03  1.440537017E-04  1.422668811E-04 -7.375525363E-03 
        13 -7.368213497E-03  2.096048265E-04  2.156540311E-04 -7.377944431E-03 
        14 -7.329461165E-03  2.758681949E-04  2.842567539E-04 -7.338325205E-03 
        15 -7.301732432E-03  3.806172463E-04  3.808550211E-04 -7.305472918E-03 
        16 -7.283011917E-03  5.072163767E-04  5.089353501E-04 -7.301523580E-03 
        17 -7.253892720E-03  5.801105290E-04  6.235710349E-04 -7.303983568E-03 
        18 -7.203811314E-03  6.336829392E-04  6.138218005E-04 -7.179126471E-03 
        19 -7.146126591E-03  7.004197105E-04  7.288560134E-04 -7.186454635E-03 
        20 -7.103491109E-03  7.594918716E-04  7.288250236E-04 -7.061572019E-03 
        21 -7.063217927E-03  8.493449423E-04  8.490201317E-04 -7.077656233E-03 
        22 -7.033636328E-03  9.673724999E-04  9.854201314E-04 -7.097577852E-03 
        23 -7.017104421E-03  1.032598899E-03  9.710164655E-04 -6.961646307E-03 
        24 -7.003727369E-03  1.102046925E-03  1.088503777E-03 -6.941695226E-03 
        25 -7.003308740E-03  1.250030939E-03  1.250366619E-03 -6.948603306E-03 
