cellnumber     x-coordinate     y-coordinate     y-coordinate     x-coordinate 
         1 -4.288917873E-03  1.972290920E-03  1.931426409E-03 -4.314333929E-03 
         2 -4.215702415E-03  1.972290687E-03  1.931636683E-03 -4.211520295E-03 
         3 -3.277563490E-03  1.990540884E-03  1.937228295E-03 -3.300266113E-03 
         4 -3.197064390E-03  1.985489624E-03  1.943163964E-03 -3.201366508E-03 
         5 -3.110551974E-03  1.994948601E-03  1.941788315E-03 -3.105180951E-03 
         6 -2.787985839E-03  1.986615127E-03  1.932500257E-03 -2.802616471E-03 
         7 -2.695356263E-03  1.961377449E-03  1.932111083E-03 -2.699786421E-03 
         8 -1.007430837E-03  8.624275506E-05  6.636507486E-05 -1.005326591E-03 
         9 -9.022952290E-04  9.197847248E-05  6.680606303E-05 -9.013910211E-04 
        10 -7.964675315E-04  1.036405956E-04  6.575810028E-05 -7.972552363E-04 
        11 -6.972650881E-04  1.176523219E-04  6.355081433E-05 -6.935649223E-04 
        12 -6.442044978E-04  1.247894397E-04  1.869981581E-04 -6.853314307E-04 
        13 -5.836982746E-04  1.249798224E-04  1.774708527E-04 -5.775250902E-04 
        14 -4.770683008E-04  1.226290915E-04  1.637269837E-04 -4.703043525E-04 
        15 -3.747955197E-04  1.186917798E-04  1.461014197E-04 -3.694341506E-04 
        16 -2.763413358E-04  1.179535684E-04  1.281231806E-04 -2.752816664E-04 
        17 -1.879291667E-04  1.294184185E-04  1.108253011E-04 -1.840752402E-04 
        18 -1.390260295E-04  1.408364769E-04  1.824621522E-04 -1.631405136E-04 
        19 -9.270527516E-05  1.478028425E-04  1.562393313E-04 -8.961924719E-05 
        20 -3.962664050E-05  1.622480340E-04  1.429506679E-04 -2.640014050E-05 
        21 -7.342929621E-06  1.751515956E-04  1.926155920E-04 -1.566857720E-05 
        22  4.301178342E-05  1.903789234E-04  1.880186171E-04  3.887628747E-05 
        23  3.051548265E-05  1.220296399E-04  1.372427601E-04  2.941064111E-05 
        24  1.206965408E-05  8.666142821E-05  8.707509544E-05  3.682231778E-05 
        25  4.944107059E-05  5.082780990E-05  3.393898202E-05  4.248468120E-05 
        26  8.640439773E-05  1.978904038E-05  2.794200578E-05  1.007808420E-04 
        27  2.198047296E-04  1.577986222E-05  2.931386421E-05  2.067113238E-04 
        28  2.608163340E-04  2.578767453E-05  3.429371706E-05  2.597225743E-04 
        29  3.209347778E-04  1.372861243E-05  2.775908311E-05  3.200411847E-04 
        30  3.625626559E-04  3.720800350E-06  2.357188179E-05  3.768744278E-04 
        31  4.558938672E-04  7.981057593E-07  1.961275604E-05  4.300925550E-04 
        32  4.683331936E-04  7.981057593E-07  1.937761130E-05  4.826194126E-04 
        33 -2.417979762E-03  5.475082071E-05  7.332680564E-05 -2.420594786E-03 
        34 -2.315384801E-03  6.134263822E-05  7.311501499E-05 -2.316820890E-03 
        35 -2.212492283E-03  6.545292126E-05  7.043852328E-05 -2.213196658E-03 
        36 -2.110372763E-03  6.890942313E-05  6.674919455E-05 -2.110809722E-03 
        37 -2.008951968E-03  7.400738832E-05  6.249115734E-05 -2.009269490E-03 
        38 -1.909923390E-03  8.054728823E-05  5.855735120E-05 -1.909155614E-03 
        39 -1.811840571E-03  8.733804134E-05  5.673498202E-05 -1.809930395E-03 
        40 -1.712598489E-03  9.136564040E-05  5.515330775E-05 -1.709579807E-03 
        41 -1.612523338E-03  9.284100088E-05  5.457516422E-05 -1.609092055E-03 
        42 -1.513792202E-03  9.591464186E-05  5.383556151E-05 -1.509067679E-03 
        43 -1.416898565E-03  1.005563827E-04  5.490773208E-05 -1.410009075E-03 
        44 -1.317739370E-03  1.008278778E-04  5.715688499E-05 -1.310405891E-03 
        45 -1.215680037E-03  9.370511543E-05  6.005970237E-05 -1.209844188E-03 
        46 -1.112132682E-03  8.688632806E-05  6.361088174E-05 -1.108407631E-03 
        47 -2.595671220E-03  1.945960568E-03  1.933004749E-03 -2.597631251E-03 
        48 -2.494334942E-03  1.940555871E-03  1.934575948E-03 -2.495273050E-03 
        49 -2.392722992E-03  1.936288434E-03  1.936099255E-03 -2.392953671E-03 
        50 -2.289933385E-03  1.932715764E-03  1.936053435E-03 -2.289587949E-03 
        51 -2.185781254E-03  1.931643579E-03  1.934468811E-03 -2.185353151E-03 
        52 -2.081512474E-03  1.931832870E-03  1.932282097E-03 -2.081243068E-03 
        53 -1.977577573E-03  1.931875246E-03  1.931099759E-03 -1.977459928E-03 
        54 -1.874046400E-03  1.931345090E-03  1.931720263E-03 -1.874312453E-03 
        55 -1.770132571E-03  1.930021099E-03  1.935050064E-03 -1.771475459E-03 
        56 -1.666944474E-03  1.924451091E-03  1.942464568E-03 -1.670585838E-03 
        57  1.729217824E-03  6.429385394E-04  6.472700325E-04  1.721951326E-03 
        58  1.707647229E-03  6.847507320E-04  6.843585779E-04  1.701905226E-03 
        59  1.688732184E-03  1.296809292E-03  1.325694933E-03  1.692892936E-03 
        60  1.702331123E-03  1.283595455E-03  1.307938579E-03  1.731419644E-03 
        61  1.722567016E-03  1.247377950E-03  1.249664952E-03  1.719713153E-03 
        62  1.739454572E-03  1.217625337E-03  1.240994224E-03  1.767888128E-03 
        63  1.762530184E-03  1.202482847E-03  1.176984304E-03  1.755862220E-03 
        64  1.800191123E-03  1.198054408E-03  1.180921936E-03  1.805802796E-03 
        65  1.824823441E-03  1.218652003E-03  1.234344495E-03  1.812086890E-03 
        66  1.841350342E-03  1.241743332E-03  1.230921627E-03  1.857381939E-03 
        67  1.848367276E-03  1.265642117E-03  1.271711828E-03  1.859776726E-03 
        68  1.848905929E-03  1.293262700E-03  1.287939208E-03  1.826712861E-03 
        69  1.834645052E-03  1.337768161E-03  1.339235290E-03  1.838872927E-03 
        70  1.817523851E-03  1.369322301E-03  1.353462195E-03  1.792665244E-03 
        71  1.798061887E-03  1.399002620E-03  1.408633721E-03  1.805100119E-03 
        72  1.757693593E-03  1.437577535E-03  1.419526770E-03  1.755039452E-03 
        73  1.711815712E-03  1.457779785E-03  1.435136105E-03  1.698019180E-03 
        74  1.675806590E-03  1.470604911E-03  1.480189413E-03  1.708152833E-03 
        75  1.628322294E-03  2.576581755E-05  2.709459480E-05  1.626272040E-03 
        76  1.642925548E-03  7.663320866E-05  8.232009822E-05  1.618532343E-03 
        77  1.645852812E-03  1.091072190E-04  8.839939499E-05  1.673597588E-03 
        78  1.641382580E-03  1.482980588E-04  1.465387895E-04  1.653191054E-03 
        79  1.585706370E-03  2.628641378E-04  2.535272153E-04  1.582084601E-03 
        80  1.571540837E-03  2.877599909E-04  2.556878611E-04  1.543023861E-03 
        81  1.607959974E-03  4.485319369E-04  4.409151578E-04  1.619891975E-03 
        82  1.617571921E-03  4.579861707E-04  4.606470648E-04  1.607833739E-03 
        83  1.437810250E-03  4.284696770E-04  4.177920331E-04  1.417499052E-03 
        84  1.442928915E-03  4.369355447E-04  4.666277231E-04  1.452042847E-03 
        85 -2.520021051E-03  4.781125244E-05  7.110491468E-05 -2.524064784E-03 
        86 -2.622683067E-03  4.550431913E-05  6.600393607E-05 -2.626677037E-03 
        87 -2.725506201E-03  4.640268889E-05  5.825507198E-05 -2.727486420E-03 
        88 -2.825986827E-03  4.529993021E-05  4.912679422E-05 -2.825656849E-03 
        89 -2.922547283E-03  4.345504931E-05  4.152960011E-05 -2.921255581E-03 
        90 -3.016844159E-03  3.592261419E-05  4.077177812E-05 -3.017093035E-03 
        91 -3.104815958E-03  1.441837958E-05  4.724476742E-05 -3.112842704E-03 
        92 -3.367180005E-03  1.128351315E-07  6.199954715E-05 -3.311930414E-03 
        93 -3.369378857E-03  1.128351315E-07  6.462525821E-05 -3.415662322E-03 
        94 -4.567896482E-03  1.411718404E-05  5.596906824E-05 -4.526306414E-03 
        95 -4.627905786E-03  2.493459942E-05  5.666467444E-05 -4.629023667E-03 
        96 -4.686025437E-03  1.081741539E-05  6.050692886E-05 -4.730923795E-03 
        97  1.356164110E-03  1.589672291E-03  1.585662596E-03  1.351178768E-03 
        98  1.396694453E-03  1.559493481E-03  1.561072749E-03  1.396691022E-03 
        99  1.420560176E-03  1.533417031E-03  1.539287077E-03  1.429685494E-03 
       100  1.430488424E-03  1.517556841E-03  1.503808583E-03  1.418157778E-03 
       101  1.450623386E-03  1.503315987E-03  1.508124257E-03  1.449609407E-03 
       102  1.467401744E-03  1.492399955E-03  1.468011635E-03  1.455797878E-03 
       103  1.487679663E-03  1.483950298E-03  1.476445373E-03  1.488435351E-03 
       104  1.522568404E-03  1.473996555E-03  1.489643393E-03  1.528490113E-03 
       105  1.552109839E-03  1.470812596E-03  1.445421973E-03  1.542832394E-03 
       106  1.578164520E-03  1.471421798E-03  1.444243197E-03  1.588813441E-03 
       107  1.545711420E-03  1.282352488E-03  1.310434929E-03  1.546587867E-03 
       108  1.504737418E-03  1.267573796E-03  1.269417146E-03  1.501712701E-03 
       109  1.457202947E-03  1.234079595E-03  1.243020665E-03  1.446008448E-03 
       110  1.433592872E-03  1.185938949E-03  1.188817869E-03  1.443026408E-03 
       111  1.420899760E-03  1.127020922E-03  1.127539167E-03  1.420026800E-03 
       112  1.398841850E-03  1.078207162E-03  1.069532137E-03  1.410350388E-03 
       113  1.378722722E-03  1.045389217E-03  1.049357652E-03  1.377462381E-03 
       114  1.363726216E-03  1.011127140E-03  1.005513033E-03  1.378821506E-03 
       115  1.355760964E-03  9.858681588E-04  1.001679044E-03  1.328833830E-03 
       116  1.342522213E-03  9.635878378E-04  9.663869700E-04  1.322441845E-03 
       117  1.404124545E-03  8.302291972E-04  8.509223003E-04  1.416859971E-03 
       118  1.417964697E-03  8.209091029E-04  8.035241983E-04  1.410189929E-03 
       119  1.445102273E-03  8.126444300E-04  7.936848223E-04  1.450386930E-03 
       120  1.467396622E-03  8.153470117E-04  8.405122622E-04  1.454287265E-03 
       121  1.500055427E-03  8.234269335E-04  8.216201608E-04  1.501724345E-03 
       122  1.539009972E-03  8.283556672E-04  8.118632155E-04  1.540134296E-03 
       123  1.196007361E-03  1.750720548E-03  1.748211226E-03  1.154960487E-03 
       124  1.185235218E-03  1.773426542E-03  1.783827280E-03  1.217834789E-03 
       125  1.206490211E-03  1.814250369E-03  1.838381267E-03  1.193961290E-03 
       126  1.271058805E-03  1.834922587E-03  1.856961563E-03  1.267478446E-03 
       127  1.306809019E-03  1.833493239E-03  1.805745326E-03  1.280817148E-03 
       128  1.335347537E-03  1.825247193E-03  1.813306485E-03  1.337936873E-03 
       129  1.381207723E-03  1.810278045E-03  1.810099402E-03  1.382461143E-03 
       130  1.411705744E-03  1.814194722E-03  1.813666166E-03  1.410868630E-03 
       131  1.601651893E-03  1.900563133E-03  1.931519505E-03  1.584772875E-03 
       132  1.621363335E-03  1.899626106E-03  1.923318898E-03  1.639927620E-03 
       133  1.623387798E-03  1.892552129E-03  1.876924252E-03  1.647737271E-03 
       134  1.794926473E-03  1.974356128E-03  1.974164245E-03  1.781061730E-03 
       135  1.801700448E-03  1.919775503E-03  1.918706403E-03  1.794287453E-03 
       136  1.821761834E-03  1.862256438E-03  1.863749889E-03  1.819154601E-03 
       137  1.831850503E-03  1.817876589E-03  1.808934494E-03  1.852611585E-03 
       138  1.811536029E-03  1.787595917E-03  1.788546473E-03  1.813100957E-03 
       139  1.777214929E-03  1.771803712E-03  1.775305427E-03  1.776653791E-03 
       140  1.742911641E-03  1.772907679E-03  1.774727542E-03  1.742742310E-03 
       141  1.705442672E-03  1.776835066E-03  1.782133242E-03  1.704231979E-03 
       142  1.660691691E-03  1.780783292E-03  1.782199968E-03  1.660432579E-03 
       143  7.564964471E-04  1.897781505E-03  1.916538659E-03  7.319315390E-04 
       144  7.872075075E-04  1.897462178E-03  1.917288781E-03  7.843240008E-04 
       145  8.228448569E-04  1.892514527E-03  1.912714690E-03  8.478213595E-04 
       146  8.232564433E-04  1.888298546E-03  1.864680410E-03  8.495539732E-04 
       147  7.878483157E-04  1.892126631E-03  1.871891671E-03  7.893351986E-04 
       148  7.567257271E-04  1.896661823E-03  1.869922935E-03  7.469520074E-04 
       149  5.248889211E-04  1.991181402E-03  1.972141317E-03  5.472809736E-04 
       150  4.845668445E-04  1.968211727E-03  1.974844604E-03  4.631898431E-04 
       151  4.400351900E-04  1.931153936E-03  1.926672699E-03  4.543770204E-04 
       152  4.099814105E-04  1.896764501E-03  1.912972231E-03  3.935666735E-04 
       153  3.922178294E-04  1.859854907E-03  1.859741076E-03  3.878779436E-04 
       154  3.605695965E-04  1.817573211E-03  1.815530276E-03  3.660791114E-04 
       155  3.313113120E-04  1.793346135E-03  1.778576375E-03  3.562106028E-04 
       156  2.935664088E-04  1.785152708E-03  1.775497366E-03  2.941201200E-04 
       157  2.421936952E-04  1.792711788E-03  1.779225650E-03  2.401065689E-04 
       158  1.985052950E-04  1.804055646E-03  1.780499494E-03  1.843295540E-04 
       159  1.606654550E-04  1.811372349E-03  1.827176184E-03  1.726120209E-04 
       160  1.115779014E-04  1.823587227E-03  1.817677128E-03  1.132435071E-04 
       161  7.574089977E-05  1.832595910E-03  1.805967332E-03  5.749661979E-05 
       162  3.618887058E-05  1.847861102E-03  1.856895194E-03  3.873604122E-05 
       163 -2.403749932E-05  1.864554128E-03  1.837239083E-03 -2.807587275E-05 
       164 -6.713756738E-05  1.872964902E-03  1.901941876E-03 -5.184226983E-05 
       165 -1.337691210E-04  1.884141588E-03  1.883818147E-03 -1.349995385E-04 
       166 -2.406444983E-04  1.892890898E-03  1.860738437E-03 -2.355958718E-04 
       167 -3.061030875E-04  1.896442380E-03  1.840478751E-03 -3.480552224E-04 
       168 -3.607283288E-04  1.905674813E-03  1.944888835E-03 -3.576104262E-04 
       169 -4.614621866E-04  1.917015645E-03  1.937868019E-03 -4.625970964E-04 
       170 -5.680879112E-04  1.919417758E-03  1.933420872E-03 -5.677151537E-04 
       171 -6.730524474E-04  1.919540111E-03  1.931035804E-03 -6.720340127E-04 
       172 -7.774004480E-04  1.920493203E-03  1.929621388E-03 -7.762373276E-04 
       173 -8.819082868E-04  1.922493218E-03  1.929185365E-03 -8.805429480E-04 
       174 -9.868899360E-04  1.923745382E-03  1.931300447E-03 -9.845805923E-04 
       175 -1.093023224E-03  1.922051422E-03  1.936006340E-03 -1.087852054E-03 
       176 -1.200451748E-03  1.911799540E-03  1.943793790E-03 -1.188405186E-03 
       177 -1.262377598E-03  1.900826115E-03  1.951891793E-03 -1.285628838E-03 
       178 -1.311461558E-03  1.896712580E-03  1.852236959E-03 -1.322700402E-03 
       179 -1.394360908E-03  1.895308495E-03  1.874523444E-03 -1.398003815E-03 
       180 -1.476916485E-03  1.898534363E-03  1.874830866E-03 -1.474881274E-03 
       181 -1.538282493E-03  1.902348828E-03  1.850798777E-03 -1.553051966E-03 
       182 -1.587477513E-03  1.911373110E-03  1.951318214E-03 -1.572415930E-03 
