cellnumber     x-coordinate     y-coordinate     y-coordinate     x-coordinate 
         1 -4.100929014E-03  1.973277889E-03  1.933075753E-03 -4.109019672E-03 
         2 -4.035373218E-03  1.973277889E-03  1.934369578E-03 -4.006508197E-03 
         3 -3.052052809E-03  1.994755119E-03  1.941788315E-03 -3.105180951E-03 
         4 -2.996587195E-03  1.985188806E-03  1.939727861E-03 -3.005310109E-03 
         5 -2.894434845E-03  1.989797689E-03  1.935561470E-03 -2.904892689E-03 
         6 -2.839903114E-03  1.999364002E-03  1.932500257E-03 -2.802616471E-03 
         7  7.126102573E-04  3.022742021E-06  2.376551705E-05  7.244123886E-04 
         8  6.671418669E-04  1.044409419E-05  2.274665324E-05  6.657491188E-04 
         9  6.036274135E-04  1.323123615E-05  2.138182500E-05  6.018984717E-04 
        10  1.805039705E-03  2.340466599E-04  2.266481103E-04  1.821234054E-03 
        11  1.828901703E-03  2.489199687E-04  2.643540103E-04  1.814250299E-03 
        12  1.853726455E-03  2.520343405E-04  2.686372979E-04  1.857296296E-03 
        13  1.874978188E-03  2.407778520E-04  2.249752392E-04  1.868745874E-03 
        14  1.899586059E-03  2.159443538E-04  2.222971841E-04  1.908134756E-03 
        15  1.912573818E-03  1.864215155E-04  1.791314573E-04  1.927048608E-03 
        16  1.753377379E-03  3.429622739E-04  3.637452039E-04  1.739624176E-03 
        17  1.792673138E-03  3.453989921E-04  3.588932654E-04  1.791440332E-03 
        18  1.845109160E-03  3.424591850E-04  3.604014303E-04  1.844721248E-03 
        19  1.875922550E-03  3.376823151E-04  3.592208367E-04  1.886748682E-03 
        20  1.893776585E-03  3.255784395E-04  3.077049760E-04  1.887316124E-03 
        21  1.916282577E-03  3.138231696E-04  3.063912027E-04  1.917797122E-03 
        22  1.958047040E-03  8.758909098E-05  8.091219465E-05  1.957743481E-03 
        23  2.017336432E-03  9.319788660E-05  9.041714092E-05  2.019015436E-03 
        24  2.087800298E-03  9.682608652E-05  9.321694742E-05  2.087244387E-03 
        25  2.159900963E-03  7.684905722E-05  8.927237462E-05  2.158173226E-03 
        26  2.194246510E-03  5.658772352E-05  2.897047908E-05  2.166466837E-03 
        27  2.211968647E-03  2.743405821E-05  3.033947023E-05  2.234936416E-03 
        28  2.190769417E-03  3.501482424E-04  3.638377693E-04  2.182290079E-03 
        29  2.202930162E-03  3.636293404E-04  3.762111544E-04  2.194016332E-03 
        30  2.372452989E-03  5.002265680E-04  4.938707706E-04  2.384454192E-03 
        31  2.383059124E-03  5.442285910E-04  5.404856117E-04  2.375240042E-03 
        32 -1.006740378E-03  7.822748012E-05  6.636507486E-05 -1.005326591E-03 
        33 -9.017234552E-04  7.585585990E-05  6.680606303E-05 -9.013910211E-04 
        34 -7.969707367E-04  7.398976595E-05  6.575810028E-05 -7.972552363E-04 
        35 -6.928284420E-04  7.149303565E-05  6.355081433E-05 -6.935649223E-04 
        36 -5.892989575E-04  6.941723404E-05  6.038485763E-05 -5.907983585E-04 
        37 -4.852301208E-04  6.946398935E-05  5.539476994E-05 -4.882335345E-04 
        38 -3.830661299E-04  7.605627616E-05  4.835427240E-05 -3.882786737E-04 
        39 -3.245076223E-04  8.517121023E-05  4.217445575E-05 -2.899144977E-04 
        40 -2.738285111E-04  9.267732094E-05  1.281231806E-04 -2.752816664E-04 
        41 -1.830363908E-04  1.097614804E-04  1.108253011E-04 -1.840752402E-04 
        42 -1.248314948E-04  1.272266963E-04  9.693807319E-05 -1.022720959E-04 
        43 -8.659720334E-05  1.391493570E-04  1.562393313E-04 -8.961924719E-05 
        44 -3.798515172E-05  1.582512195E-04  1.429506679E-04 -2.640014050E-05 
        45 -4.900017757E-06  1.754580153E-04  1.926155920E-04 -1.566857720E-05 
        46  4.224898657E-05  1.926750992E-04  1.880186171E-04  3.887628747E-05 
        47  7.760532026E-05  2.051920601E-04  2.417783347E-04  4.495860527E-05 
        48  8.098702529E-05  2.060422557E-04  2.489255570E-04  9.405898740E-05 
        49  1.031270876E-04  2.861196663E-05  2.794200578E-05  1.007808420E-04 
        50  2.444139682E-04  1.741118758E-04  1.930118503E-04  2.622026838E-04 
        51  2.650692186E-04  1.401528425E-04  1.408289672E-04  2.717250439E-04 
        52  2.876457875E-04  9.983587370E-05  8.822211316E-05  2.654353734E-04 
        53  3.091584076E-04  7.161815302E-05  8.110587978E-05  3.211743461E-04 
        54  3.363990691E-04  4.419192192E-05  2.775908311E-05  3.200411847E-04 
        55  3.777443198E-04  2.170591142E-05  2.357188179E-05  3.768744278E-04 
        56  4.328405194E-04  5.256567874E-06  1.961275604E-05  4.300925550E-04 
        57  2.024172427E-04  2.885753565E-05  2.931386421E-05  2.067113238E-04 
        58  4.940070212E-04  5.758520842E-07  1.937761130E-05  4.826194126E-04 
        59  5.441565881E-04  6.385735560E-06  1.926840855E-05  5.412139952E-04 
        60 -2.267111791E-03  4.071839612E-06  7.311501499E-05 -2.316820890E-03 
        61 -2.210075501E-03  2.982412479E-05  7.043852328E-05 -2.213196658E-03 
        62 -2.109874738E-03  5.594447066E-05  6.674919455E-05 -2.110809722E-03 
        63 -2.008680720E-03  6.347347517E-05  6.249115734E-05 -2.009269490E-03 
        64 -1.909503597E-03  7.070488937E-05  5.855735120E-05 -1.909155614E-03 
        65 -1.811419846E-03  8.129988419E-05  5.673498202E-05 -1.809930395E-03 
        66 -1.712680561E-03  9.197639883E-05  5.515330775E-05 -1.709579807E-03 
        67 -1.613110071E-03  9.920168668E-05  5.457516422E-05 -1.609092055E-03 
        68 -1.514815842E-03  1.050386782E-04  5.383556151E-05 -1.509067679E-03 
        69 -1.418148982E-03  1.093105384E-04  5.490773208E-05 -1.410009075E-03 
        70 -1.318511553E-03  1.056743422E-04  5.715688499E-05 -1.310405891E-03 
        71 -1.215680852E-03  9.366255108E-05  6.005970237E-05 -1.209844188E-03 
        72 -1.111651887E-03  8.326464012E-05  6.361088174E-05 -1.108407631E-03 
        73 -2.463535871E-03  1.982442336E-03  1.934575948E-03 -2.495273050E-03 
        74 -2.390565816E-03  1.956141787E-03  1.936099255E-03 -2.392953671E-03 
        75 -2.288867719E-03  1.946324483E-03  1.936053435E-03 -2.289587949E-03 
        76 -2.185318619E-03  1.944510615E-03  1.934468811E-03 -2.185353151E-03 
        77 -2.081592334E-03  1.942817471E-03  1.932282097E-03 -2.081243068E-03 
        78 -1.977995737E-03  1.940828399E-03  1.931099759E-03 -1.977459928E-03 
        79 -1.874613226E-03  1.938492991E-03  1.931720263E-03 -1.874312453E-03 
        80 -1.770803588E-03  1.935831038E-03  1.935050064E-03 -1.771475459E-03 
        81 -1.667755889E-03  1.930501079E-03  1.942464568E-03 -1.670585838E-03 
        82  1.811451279E-03  1.455587801E-03  1.458946259E-03  1.808596001E-03 
        83  1.777718426E-03  1.480180654E-03  1.466399391E-03  1.762134212E-03 
        84  1.758937375E-03  1.500956248E-03  1.517480735E-03  1.770494178E-03 
        85  1.726650633E-03  1.522955950E-03  1.524655038E-03  1.727520347E-03 
        86  1.909669838E-03  1.383854076E-03  1.377934128E-03  1.894362010E-03 
        87  1.928937039E-03  1.367072924E-03  1.381869335E-03  1.946409453E-03 
        88  1.939248177E-03  1.341987285E-03  1.345086805E-03  1.947925945E-03 
        89  1.955524320E-03  1.306504477E-03  1.293450380E-03  1.947334496E-03 
        90  1.986699412E-03  1.279892633E-03  1.295998047E-03  1.986192029E-03 
        91  2.006062539E-03  1.267587184E-03  1.242138010E-03  1.990493966E-03 
        92  2.035080688E-03  1.256860676E-03  1.249420116E-03  2.035379048E-03 
        93  1.855071285E-03  1.622567885E-03  1.615014651E-03  1.856528149E-03 
        94  1.794604468E-03  1.622623997E-03  1.641236910E-03  1.805098654E-03 
        95  1.748562092E-03  1.644257805E-03  1.674905581E-03  1.747979358E-03 
        96  1.713106874E-03  1.639242750E-03  1.639663550E-03  1.715254091E-03 
        97  2.045851201E-03  1.419493812E-03  1.418216501E-03  2.044577436E-03 
        98  2.040309832E-03  1.456354163E-03  1.444602383E-03  2.025979133E-03 
        99  1.791639021E-03  2.300268825E-04  2.086810152E-04  1.786066672E-03 
       100  1.259831013E-03  3.961323728E-06  2.781562399E-05  1.291423479E-03 
       101  1.245708321E-03  3.961323728E-06  2.564670187E-05  1.216729608E-03 
       102 -2.762762597E-03  6.029588207E-08  5.825507198E-05 -2.727486420E-03 
       103 -2.816347871E-03  1.144194448E-05  4.912679422E-05 -2.825656849E-03 
       104 -2.919167513E-03  2.796058470E-05  4.152960011E-05 -2.921255581E-03 
       105 -3.015975002E-03  3.608906991E-05  4.077177812E-05 -3.017093035E-03 
       106 -3.112145700E-03  4.093547614E-05  4.724476742E-05 -3.112842704E-03 
       107 -3.195021534E-03  2.142534140E-05  5.527762229E-05 -3.210920916E-03 
       108 -4.451221786E-03  2.212453364E-05  5.780932662E-05 -4.424947168E-03 
       109 -4.500189330E-03  2.212453364E-05  5.596906824E-05 -4.526306414E-03 
       110  1.942429924E-03  1.608762424E-03  1.608133146E-03  1.950693643E-03 
       111  2.020144369E-03  1.534043695E-03  1.555178835E-03  2.026855781E-03 
       112  2.034306061E-03  1.500286278E-03  1.502289524E-03  2.036632457E-03 
       113  2.314803423E-03  1.533104456E-03  1.544804640E-03  2.321760813E-03 
       114  2.286060713E-03  1.535169897E-03  1.515653272E-03  2.271471998E-03 
       115  2.247403376E-03  1.535008894E-03  1.537186174E-03  2.246447085E-03 
       116  2.202990698E-03  1.542293467E-03  1.526256395E-03  2.194044070E-03 
       117  2.197682159E-03  1.565026003E-03  1.560635545E-03  2.212241754E-03 
       118  2.231745515E-03  1.573154703E-03  1.586458066E-03  2.233624623E-03 
       119  2.275970764E-03  1.558563206E-03  1.565142072E-03  2.287688711E-03 
       120  2.324148780E-03  1.548696775E-03  1.544804640E-03  2.321760813E-03 
       121  2.356488956E-03  1.543911989E-03  1.554014128E-03  2.372590088E-03 
       122  2.291672630E-03  1.808237168E-03  1.811524261E-03  2.267541019E-03 
       123  2.293284982E-03  1.809634268E-03  1.829445302E-03  2.281740216E-03 
       124  2.309500007E-03  1.822894323E-03  1.819129066E-03  2.323892695E-03 
       125  2.319940599E-03  1.865608152E-03  1.864089860E-03  2.315357995E-03 
       126  2.289169701E-03  1.906859921E-03  1.902874782E-03  2.287559326E-03 
       127  2.264305484E-03  1.932767453E-03  1.931992025E-03  2.252077452E-03 
       128  2.269570017E-03  1.963086659E-03  1.976347358E-03  2.250814214E-03 
       129  2.279768931E-03  1.989251934E-03  1.965327839E-03  2.307592949E-03 
       130  2.474549459E-03  1.471119933E-03  1.480862986E-03  2.473401436E-03 
       131  2.452112734E-03  1.679112087E-03  1.661777543E-03  2.450342357E-03 
       132  2.482462907E-03  1.687644399E-03  1.679062906E-03  2.481335120E-03 
       133  2.477857051E-03  1.434355159E-03  1.430629914E-03  2.478038126E-03 
       134  2.382656094E-03  1.310867839E-03  1.309046208E-03  2.366980009E-03 
       135  2.392417751E-03  1.278601470E-03  1.247261330E-03  2.368389516E-03 
       136  2.398770070E-03  1.278765034E-03  1.245371518E-03  2.419510050E-03 
       137  2.401854144E-03  1.315430156E-03  1.318675309E-03  2.416285840E-03 
       138  2.495843219E-03  1.210865099E-03  1.245664321E-03  2.472344997E-03 
       139  2.495843219E-03  1.207575202E-03  1.169006227E-03  2.473255341E-03 
       140  2.469071886E-03  8.547229227E-04  8.315571662E-04  2.466632135E-03 
       141  2.408291213E-03  8.209915832E-04  8.240767934E-04  2.410638427E-03 
       142  2.378385514E-03  7.923893863E-04  8.306269191E-04  2.354383349E-03 
       143  2.351035364E-03  7.725735777E-04  7.771843157E-04  2.343344654E-03 
       144  4.566192802E-04  1.974802464E-03  1.974844604E-03  4.631898431E-04 
       145  4.199253453E-04  1.941509428E-03  1.926672699E-03  4.543770204E-04 
       146  3.995315928E-04  1.909052837E-03  1.912972231E-03  3.935666735E-04 
       147  3.758881357E-04  1.868354622E-03  1.859741076E-03  3.878779436E-04 
       148  1.839712932E-04  1.837317133E-03  1.827176184E-03  1.726120209E-04 
       149  1.455477759E-04  1.859255950E-03  1.877753079E-03  1.572261929E-04 
       150  1.047406404E-04  1.881611301E-03  1.869255230E-03  1.027193741E-04 
       151  7.015909796E-05  1.896191388E-03  1.922587147E-03  9.292035272E-05 
       152  2.452720219E-05  1.911336905E-03  1.913217268E-03  2.418366512E-05 
       153 -4.564449046E-05  1.928146230E-03  1.901941876E-03 -5.184226983E-05 
       154 -8.923772111E-05  1.937821507E-03  1.967698909E-03 -6.296029824E-05 
       155 -1.508317218E-04  1.948929392E-03  1.961727822E-03 -1.543619787E-04 
       156 -2.522967407E-04  1.955403714E-03  1.952891398E-03 -2.536683967E-04 
       157 -3.572784190E-04  1.958131092E-03  1.944888835E-03 -3.576104262E-04 
       158 -4.615508660E-04  1.965739299E-03  1.937868019E-03 -4.625970964E-04 
       159 -5.648953957E-04  1.971601509E-03  1.933420872E-03 -5.677151537E-04 
       160 -6.678451318E-04  1.968830125E-03  1.931035804E-03 -6.720340127E-04 
       161 -7.711804355E-04  1.963163493E-03  1.929621388E-03 -7.762373276E-04 
       162 -8.753071888E-04  1.957294531E-03  1.929185365E-03 -8.805429480E-04 
       163 -9.804216679E-04  1.950544887E-03  1.931300447E-03 -9.845805923E-04 
       164 -1.086226664E-03  1.944699790E-03  1.936006340E-03 -1.087852054E-03 
       165 -1.192157622E-03  1.936438726E-03  1.943793790E-03 -1.188405186E-03 
       166 -1.288329950E-03  1.918947324E-03  1.951891793E-03 -1.285628838E-03 
       167 -1.339958631E-03  1.906510559E-03  1.852236959E-03 -1.322700402E-03 
       168 -1.392094186E-03  1.904841280E-03  1.874523444E-03 -1.398003815E-03 
       169 -1.477441401E-03  1.905446989E-03  1.874830866E-03 -1.474881274E-03 
       170 -1.526525710E-03  1.907264232E-03  1.850798777E-03 -1.553051966E-03 
       171 -1.575479168E-03  1.916973270E-03  1.951318214E-03 -1.572415930E-03 
