cellnumber     x-coordinate     y-coordinate     y-coordinate     x-coordinate 
         1 -4.720774945E-03  1.922856783E-03  1.945594745E-03 -4.718454719E-03 
         2 -4.620685242E-03  1.923413016E-03  1.941195501E-03 -4.618455788E-03 
         3 -4.519689828E-03  1.924144803E-03  1.936762355E-03 -4.517952941E-03 
         4 -4.417625722E-03  1.924489625E-03  1.933136697E-03 -4.416522146E-03 
         5 -4.314925056E-03  1.922560041E-03  1.931426409E-03 -4.314333929E-03 
         6 -4.212019499E-03  1.914251945E-03  1.931636683E-03 -4.211520295E-03 
         7 -4.116146360E-03  1.887837192E-03  1.933075753E-03 -4.109019672E-03 
         8 -4.065145273E-03  1.866191044E-03  1.798024719E-03 -4.110175632E-03 
         9 -4.006047733E-03  1.848624554E-03  1.802305617E-03 -4.005445002E-03 
        10 -3.902988974E-03  1.821952523E-03  1.806644950E-03 -3.902767296E-03 
        11 -3.803784493E-03  1.799264573E-03  1.812545300E-03 -3.804174341E-03 
        12 -3.730622819E-03  1.772819902E-03  1.819800249E-03 -3.709773381E-03 
        13 -3.683902556E-03  1.752042328E-03  1.695610767E-03 -3.698603814E-03 
        14 -3.592327470E-03  1.738314983E-03  1.725771232E-03 -3.598763175E-03 
        15 -3.514170181E-03  1.736642793E-03  1.813614371E-03 -3.530884481E-03 
        16 -3.486615606E-03  1.732331002E-03  1.792836158E-03 -3.420808489E-03 
        17 -3.390303114E-03  1.697711064E-03  1.623717263E-03 -3.387622595E-03 
        18 -3.254933981E-03  1.643364667E-03  1.670684137E-03 -3.245474741E-03 
        19 -3.124984447E-03  1.577100134E-03  1.572965532E-03 -3.129599723E-03 
        20 -3.007571679E-03  1.501591993E-03  1.532733347E-03 -2.985749377E-03 
        21 -2.943694824E-03  1.447342802E-03  1.376051924E-03 -3.003820201E-03 
        22 -2.863191301E-03  1.361122238E-03  1.370707427E-03 -2.857701187E-03 
        23 -2.786858473E-03  1.250550966E-03  1.195263739E-03 -2.845490504E-03 
        24 -2.747392980E-03  1.165510155E-03  1.214837961E-03 -2.695297080E-03 
        25 -2.735801972E-03  1.074338215E-03  1.026260964E-03 -2.666685451E-03 
        26 -2.758821240E-03  9.720675880E-04  1.008050855E-03 -2.824021538E-03 
        27 -2.816224005E-03  8.329213597E-04  8.198539128E-04 -2.798924287E-03 
        28 -2.880352549E-03  7.305120816E-04  7.990465129E-04 -2.957033214E-03 
        29 -2.955959179E-03  6.356465165E-04  5.940152579E-04 -2.930817644E-03 
        30 -3.100674134E-03  5.353600136E-04  5.770121250E-04 -3.096991608E-03 
        31 -3.202036954E-03  5.025762948E-04  5.789139825E-04 -3.253004441E-03 
        32 -3.273551818E-03  4.684283049E-04  4.330764328E-04 -3.263609028E-03 
        33 -3.398070345E-03  4.181704717E-04  4.354468590E-04 -3.398886197E-03 
        34 -3.524459898E-03  3.759814426E-04  4.298166956E-04 -3.535901598E-03 
        35 -3.586815670E-03  3.546846856E-04  3.052548116E-04 -3.526687042E-03 
        36 -3.623547032E-03  3.470072115E-04  2.876058839E-04 -3.654121120E-03 
        37 -3.697608132E-03  3.339308314E-04  4.063746512E-04 -3.690066537E-03 
        38 -3.802515566E-03  3.089134698E-04  3.436101291E-04 -3.820011096E-03 
        39 -3.896908602E-03  2.785168472E-04  2.486685537E-04 -3.888261565E-03 
        40 -3.975358792E-03  2.481141710E-04  2.890524311E-04 -3.988128188E-03 
        41 -4.040465225E-03  2.206035133E-04  1.710031183E-04 -4.010975930E-03 
        42 -4.113187082E-03  1.944643445E-04  1.828761303E-04 -4.114592750E-03 
        43 -4.220651463E-03  1.691906509E-04  1.846604581E-04 -4.220260345E-03 
        44 -4.324319772E-03  1.482646185E-04  1.783337167E-04 -4.324251424E-03 
        45 -4.424904473E-03  1.281030709E-04  1.690666060E-04 -4.425174748E-03 
        46 -4.508619197E-03  1.149570962E-04  1.589686265E-04 -4.525828870E-03 
        47 -4.560222384E-03  1.064320095E-04  5.596906824E-05 -4.526306414E-03 
        48 -4.628950264E-03  8.983061707E-05  5.666467444E-05 -4.629023667E-03 
        49 -4.730678629E-03  7.127902791E-05  6.050692886E-05 -4.730923795E-03 
        50 -4.832991865E-03  6.192449655E-05  6.405840120E-05 -4.833593435E-03 
        51 -4.936011508E-03  5.653428525E-05  6.643712700E-05 -4.937359311E-03 
        52 -5.039039068E-03  5.112075451E-05  6.693967668E-05 -5.041680553E-03 
        53 -5.141863134E-03  4.651864583E-05  6.473279037E-05 -5.145436630E-03 
        54 -5.244842730E-03  4.515744513E-05  5.901185833E-05 -5.247603241E-03 
        55 -5.789006595E-03  1.996248728E-03  1.950483939E-03 -5.840505752E-03 
        56 -5.754398648E-03  1.996248728E-03  1.944291145E-03 -5.741907226E-03 
        57 -5.272014532E-03  1.999988453E-03  1.931409215E-03 -5.326042501E-03 
        58 -5.220570136E-03  1.974315615E-03  1.934327000E-03 -5.221331158E-03 
        59 -5.117791239E-03  1.945887925E-03  1.938990709E-03 -5.118253907E-03 
        60 -5.016654730E-03  1.939661917E-03  1.944484711E-03 -5.017463170E-03 
        61 -4.918506835E-03  1.931760460E-03  1.948290908E-03 -4.918495029E-03 
        62 -4.820406437E-03  1.924999175E-03  1.948353827E-03 -4.818912674E-03 
        63 -5.532824900E-03  1.997386426E-05  4.459777306E-05 -5.537449764E-03 
        64 -5.441839807E-03  4.130259185E-05  4.492314267E-05 -5.441885650E-03 
        65 -5.345198791E-03  4.400084072E-05  5.082560188E-05 -5.345947182E-03 
