cellnumber     x-coordinate     y-coordinate     y-coordinate     x-coordinate 
         1 -4.719095770E-03  1.945527736E-03  1.945594745E-03 -4.718454719E-03 
         2 -4.618796986E-03  1.944412943E-03  1.941195501E-03 -4.618455788E-03 
         3 -4.517914262E-03  1.942881732E-03  1.936762355E-03 -4.517952941E-03 
         4 -4.416236188E-03  1.940822229E-03  1.933136697E-03 -4.416522146E-03 
         5 -4.313952755E-03  1.937722904E-03  1.931426409E-03 -4.314333929E-03 
         6 -4.211315420E-03  1.933356631E-03  1.931636683E-03 -4.211520295E-03 
         7 -4.108889960E-03  1.927415840E-03  1.933075753E-03 -4.109019672E-03 
         8 -4.006357864E-03  1.920319861E-03  1.934369578E-03 -4.006508197E-03 
         9 -3.904504701E-03  1.913084765E-03  1.936141286E-03 -3.904823046E-03 
        10 -3.804696724E-03  1.905699610E-03  1.938266303E-03 -3.804586373E-03 
        11 -3.707825206E-03  1.892336295E-03  1.940709876E-03 -3.705521991E-03 
        12 -3.659839975E-03  1.882518292E-03  1.941697752E-03 -3.607061421E-03 
        13 -3.613974433E-03  1.875545131E-03  1.829745585E-03 -3.621283022E-03 
        14 -3.524537664E-03  1.857301337E-03  1.813614371E-03 -3.530884481E-03 
        15 -3.414440434E-03  1.830013469E-03  1.792836158E-03 -3.420808489E-03 
        16 -3.290524241E-03  1.793325413E-03  1.809831896E-03 -3.294728159E-03 
        17 -3.228874644E-03  1.769461203E-03  1.833132486E-03 -3.204367597E-03 
        18 -3.165393136E-03  1.756099053E-03  1.745000869E-03 -3.159499416E-03 
        19 -3.053602763E-03  1.741525833E-03  1.694111787E-03 -3.068241942E-03 
        20 -2.948040608E-03  1.727820258E-03  1.669783041E-03 -2.958189324E-03 
        21 -2.839643974E-03  1.703679794E-03  1.661886550E-03 -2.845140649E-03 
        22 -2.728875494E-03  1.673866762E-03  1.664952175E-03 -2.730799394E-03 
        23 -2.464131219E-03  5.303365178E-04  5.208705710E-04 -2.465112595E-03 
        24 -2.381481463E-03  5.815866753E-04  5.170121534E-04 -2.328640062E-03 
        25 -2.299660351E-03  6.416577962E-04  6.759204569E-04 -2.316927037E-03 
        26 -2.201773459E-03  7.135924534E-04  6.532799315E-04 -2.165087823E-03 
        27 -2.112593036E-03  8.126964676E-04  8.165294169E-04 -2.129099214E-03 
        28 -2.032538876E-03  9.780515684E-04  9.924795109E-04 -2.090853370E-03 
        29 -2.047485672E-03  1.176208956E-03  1.176445472E-03 -2.042660916E-03 
        30 -2.091886709E-03  1.291637309E-03  1.354698913E-03 -2.005746600E-03 
        31 -2.158214804E-03  1.367681893E-03  1.395516086E-03 -2.150585840E-03 
        32 -2.277988475E-03  1.468751696E-03  1.463027871E-03 -2.277701088E-03 
        33 -2.380943391E-03  1.519005746E-03  1.534028585E-03 -2.367683665E-03 
        34 -2.434671391E-03  1.541160629E-03  1.469091138E-03 -2.461020321E-03 
        35 -2.499023452E-03  1.576685812E-03  1.584168357E-03 -2.497886736E-03 
        36 -2.576807979E-03  1.614771318E-03  1.553793688E-03 -2.608636345E-03 
        37 -2.636712044E-03  1.640795846E-03  1.676729652E-03 -2.616739931E-03 
        38 -2.593209269E-03  4.674247175E-04  5.074871238E-04 -2.599694916E-03 
        39 -2.718291478E-03  4.215177905E-04  4.782286162E-04 -2.733037280E-03 
        40 -2.856165636E-03  3.831186914E-04  4.277590856E-04 -2.880125428E-03 
        41 -2.999974415E-03  3.575631999E-04  3.451552469E-04 -2.994928149E-03 
        42 -3.094311571E-03  3.412713995E-04  4.111683702E-04 -3.119425997E-03 
        43 -3.171640215E-03  3.157026076E-04  2.861603377E-04 -3.164992166E-03 
        44 -3.283312544E-03  2.864102426E-04  3.063139266E-04 -3.281050739E-03 
        45 -3.389236750E-03  2.625610796E-04  3.112536742E-04 -3.402629953E-03 
        46 -3.450016025E-03  2.416124626E-04  1.897839946E-04 -3.409442843E-03 
        47 -3.523188876E-03  2.142482699E-04  1.873953780E-04 -3.522972421E-03 
        48 -3.637105925E-03  1.847037347E-04  1.761512910E-04 -3.635300930E-03 
        49 -3.739065491E-03  1.724035101E-04  1.566616228E-04 -3.735074276E-03 
        50 -3.825993044E-03  1.620707189E-04  1.445315329E-04 -3.824581034E-03 
        51 -3.915168345E-03  1.411467529E-04  1.532715145E-04 -3.914510709E-03 
        52 -4.001738038E-03  1.225081214E-04  1.710031183E-04 -4.010975930E-03 
        53 -4.054308869E-03  1.084686373E-04  5.689246147E-05 -4.020525214E-03 
        54 -4.119798541E-03  9.132013656E-05  6.073745610E-05 -4.121556536E-03 
        55 -4.222690593E-03  7.812221884E-05  6.198469455E-05 -4.222944128E-03 
        56 -4.324468784E-03  7.306849875E-05  6.007520483E-05 -4.324261684E-03 
        57 -4.425128922E-03  6.913839752E-05  5.780932662E-05 -4.424947168E-03 
        58 -4.526605364E-03  6.584585935E-05  5.596906824E-05 -4.526306414E-03 
        59 -4.628519993E-03  6.114889402E-05  5.666467444E-05 -4.629023667E-03 
        60 -4.730172455E-03  5.534099182E-05  6.050692886E-05 -4.730923795E-03 
        61 -4.831243772E-03  3.813706644E-05  6.405840120E-05 -4.833593435E-03 
        62 -4.900023341E-03  1.163562592E-05  6.643712700E-05 -4.937359311E-03 
        63 -5.013199523E-03  1.976612024E-03  1.944484711E-03 -5.017463170E-03 
        64 -4.918213002E-03  1.950971317E-03  1.948290908E-03 -4.918495029E-03 
        65 -4.819181282E-03  1.947355806E-03  1.948353827E-03 -4.818912674E-03 
        66 -5.798997823E-03  1.844115650E-05  6.710090730E-05 -5.834726738E-03 
        67 -5.732304882E-03  4.460316995E-05  6.005380669E-05 -5.732217633E-03 
        68 -5.632483866E-03  4.020551569E-05  5.134376603E-05 -5.633311034E-03 
        69 -5.565738305E-03  1.404350405E-05  4.459777306E-05 -5.537449764E-03 
