cellnumber     x-coordinate     y-coordinate     y-coordinate     x-coordinate 
         1 -6.994911935E-03  1.997800777E-03  1.945684832E-03 -7.039325207E-03 
         2 -6.942336913E-03  1.975646010E-03  1.949177057E-03 -6.940937222E-03 
         3 -6.843930110E-03  1.958712935E-03  1.951895744E-03 -6.844616968E-03 
         4 -6.746775936E-03  1.963436138E-03  1.949864175E-03 -6.748831175E-03 
         5 -6.645597052E-03  1.961113419E-03  1.945437433E-03 -6.647916601E-03 
         6 -6.546540186E-03  1.947937766E-03  1.943884588E-03 -6.546492771E-03 
         7 -6.463180296E-03  1.910337247E-03  1.940514493E-03 -6.446167279E-03 
         8 -6.415313575E-03  1.875515794E-03  1.827335805E-03 -6.464313164E-03 
         9 -6.355051417E-03  1.846273430E-03  1.826551976E-03 -6.357563261E-03 
        10 -6.274389103E-03  1.797321835E-03  1.827883162E-03 -6.254296224E-03 
        11 -6.226358004E-03  1.761523192E-03  1.713678914E-03 -6.266302406E-03 
        12 -6.156307179E-03  1.710151555E-03  1.718291627E-03 -6.156059016E-03 
        13 -6.100112107E-03  1.666571596E-03  1.597801495E-03 -6.161534385E-03 
        14 -6.037797313E-03  1.584158977E-03  1.597447164E-03 -6.020009927E-03 
        15 -5.972391926E-03  1.490880968E-03  1.435472563E-03 -6.053593135E-03 
        16 -5.925775506E-03  1.404703711E-03  1.411355733E-03 -5.903334993E-03 
        17 -5.866772030E-03  1.257372205E-03  1.259757205E-03 -5.925374887E-03 
        18 -7.026610896E-03  1.795368007E-05  7.130261585E-05 -7.048670775E-03 
        19 -6.944623776E-03  4.581070971E-05  7.181474448E-05 -6.944535300E-03 
        20 -6.840132643E-03  6.905171176E-05  6.939597676E-05 -6.840962208E-03 
        21 -6.757915020E-03  1.039348717E-04  6.322564647E-05 -6.739235961E-03 
        22 -6.701652426E-03  1.404731011E-04  1.927253859E-04 -6.720909748E-03 
        23 -6.634416524E-03  1.871535787E-04  1.700505549E-04 -6.625372521E-03 
        24 -6.544612814E-03  2.510879422E-04  2.861109285E-04 -6.571780882E-03 
        25 -6.479111500E-03  2.888076415E-04  2.306216288E-04 -6.492545969E-03 
        26 -6.454189308E-03  3.018004936E-04  2.644835783E-04 -6.394185377E-03 
        27 -6.379345432E-03  3.625056415E-04  3.731976031E-04 -6.379461687E-03 
        28 -6.257887464E-03  4.514160391E-04  5.007820042E-04 -6.296277156E-03 
        29 -6.125906948E-03  5.435319035E-04  5.771312931E-04 -6.149110830E-03 
        30 -6.013585720E-03  6.343745627E-04  6.001185489E-04 -5.961354012E-03 
        31 -5.931007210E-03  7.503213128E-04  7.555187803E-04 -5.971144432E-03 
        32 -5.856832024E-03  9.150384576E-04  9.271788737E-04 -5.957923617E-03 
        33 -5.839438178E-03  1.090843696E-03  1.096417095E-03 -5.939614899E-03 
