cellnumber     x-coordinate     y-coordinate     y-coordinate     x-coordinate 
         1 -4.274501465E-03  1.980010187E-03  1.931426409E-03 -4.314333929E-03 
         2 -4.210419953E-03  1.955320593E-03  1.931636683E-03 -4.211520295E-03 
         3 -4.144987091E-03  1.975310501E-03  1.933075753E-03 -4.109019672E-03 
         4 -3.260575701E-03  1.989634009E-03  1.937228295E-03 -3.300266113E-03 
         5 -3.198053455E-03  1.978730550E-03  1.943163964E-03 -3.201366508E-03 
         6 -3.097336739E-03  1.985356910E-03  1.941788315E-03 -3.105180951E-03 
         7 -3.030455206E-03  1.996260136E-03  1.939727861E-03 -3.005310109E-03 
         8 -2.685216488E-03  1.981269335E-03  1.932111083E-03 -2.699786421E-03 
         9  5.815370241E-04  1.616680265E-06  2.138182500E-05  6.018984717E-04 
        10  1.810293645E-03  5.467433366E-04  5.138274224E-04  1.819273723E-03 
        11  1.790076843E-03  5.550163914E-04  5.352986275E-04  1.787036873E-03 
        12 -1.007114537E-03  8.241564501E-05  6.636507486E-05 -1.005326591E-03 
        13 -9.019902209E-04  8.321072528E-05  6.680606303E-05 -9.013910211E-04 
        14 -7.967268466E-04  8.771779540E-05  6.575810028E-05 -7.972552363E-04 
        15 -6.913469406E-04  9.566552035E-05  6.355081433E-05 -6.935649223E-04 
        16 -5.883320118E-04  1.082392628E-04  6.038485763E-05 -5.907983585E-04 
        17 -5.347873666E-04  1.160703032E-04  1.774708527E-04 -5.775250902E-04 
        18 -4.782286996E-04  1.160287866E-04  1.637269837E-04 -4.703043525E-04 
        19 -3.753802739E-04  1.160413012E-04  1.461014197E-04 -3.694341506E-04 
        20 -2.762429358E-04  1.183944551E-04  1.281231806E-04 -2.752816664E-04 
        21 -1.904399251E-04  1.310240768E-04  1.108253011E-04 -1.840752402E-04 
        22 -1.412297279E-04  1.427755342E-04  1.824621522E-04 -1.631405136E-04 
        23 -9.158372995E-05  1.522336534E-04  1.562393313E-04 -8.961924719E-05 
        24 -4.504179378E-05  1.661677379E-04  1.429506679E-04 -2.640014050E-05 
        25 -1.297872586E-05  1.784725609E-04  1.926155920E-04 -1.566857720E-05 
        26  4.298184285E-05  1.946562261E-04  1.880186171E-04  3.887628747E-05 
        27  7.808272494E-05  2.047609887E-04  2.417783347E-04  4.495860527E-05 
        28  8.089285984E-05  2.055976511E-04  2.489255570E-04  9.405898740E-05 
        29  2.119460114E-04  2.189534425E-04  2.543585031E-04  2.013657630E-04 
        30  2.228441299E-04  2.150762302E-04  2.459371493E-04  2.552620506E-04 
        31  2.348417183E-04  1.928558195E-04  1.930118503E-04  2.622026838E-04 
        32  1.113484395E-04  2.729834159E-05  2.794200578E-05  1.007808420E-04 
        33  2.115742100E-04  1.298696043E-05  2.931386421E-05  2.067113238E-04 
        34  2.593179524E-04  1.298696043E-05  3.429371706E-05  2.597225743E-04 
        35  5.713162827E-04  1.616680265E-06  1.926840855E-05  5.412139952E-04 
        36 -2.416082891E-03  4.226672900E-05  7.332680564E-05 -2.420594786E-03 
        37 -2.314876067E-03  5.695705477E-05  7.311501499E-05 -2.316820890E-03 
        38 -2.212451771E-03  6.492985267E-05  7.043852328E-05 -2.213196658E-03 
        39 -2.110400004E-03  6.980785110E-05  6.674919455E-05 -2.110809722E-03 
        40 -2.009017626E-03  7.670301420E-05  6.249115734E-05 -2.009269490E-03 
        41 -1.910159248E-03  8.531784988E-05  5.855735120E-05 -1.909155614E-03 
        42 -1.812284812E-03  9.343957936E-05  5.673498202E-05 -1.809930395E-03 
        43 -1.713044127E-03  9.662413504E-05  5.515330775E-05 -1.709579807E-03 
        44 -1.612801221E-03  9.581338963E-05  5.457516422E-05 -1.609092055E-03 
        45 -1.513876487E-03  9.683160897E-05  5.383556151E-05 -1.509067679E-03 
        46 -1.416804153E-03  9.996429435E-05  5.490773208E-05 -1.410009075E-03 
        47 -1.317550777E-03  9.965335630E-05  5.715688499E-05 -1.310405891E-03 
        48 -1.215528697E-03  9.275750926E-05  6.005970237E-05 -1.209844188E-03 
        49 -1.111948513E-03  8.549702761E-05  6.361088174E-05 -1.108407631E-03 
        50 -2.594636288E-03  1.953439787E-03  1.933004749E-03 -2.597631251E-03 
        51 -2.494042739E-03  1.943018404E-03  1.934575948E-03 -2.495273050E-03 
        52 -2.392380731E-03  1.939514303E-03  1.936099255E-03 -2.392953671E-03 
        53 -2.289680531E-03  1.935845125E-03  1.936053435E-03 -2.289587949E-03 
        54 -2.185690915E-03  1.933965832E-03  1.934468811E-03 -2.185353151E-03 
        55 -2.081520157E-03  1.933382708E-03  1.932282097E-03 -2.081243068E-03 
        56 -1.977623673E-03  1.932902029E-03  1.931099759E-03 -1.977459928E-03 
        57 -1.874092035E-03  1.931947656E-03  1.931720263E-03 -1.874312453E-03 
        58 -1.770156319E-03  1.930252882E-03  1.935050064E-03 -1.771475459E-03 
        59 -1.666953322E-03  1.924516517E-03  1.942464568E-03 -1.670585838E-03 
        60  1.708996482E-03  6.479938747E-04  6.472700325E-04  1.721951326E-03 
        61  1.686208183E-03  6.817175890E-04  6.843585779E-04  1.701905226E-03 
        62  1.817394397E-03  7.177398656E-04  7.189722044E-04  1.816216773E-03 
        63  1.801559352E-03  7.558671641E-04  7.584282158E-04  1.807933094E-03 
        64  1.786040026E-03  7.808003575E-04  7.577633237E-04  1.771446690E-03 
        65  1.769543276E-03  7.953610620E-04  8.115262549E-04  1.772892234E-03 
        66  1.688322634E-03  6.547117373E-04  6.592648129E-04  1.668336460E-03 
        67  1.668048673E-03  6.841978175E-04  6.878065763E-04  1.650503515E-03 
        68  1.721770153E-03  9.137336747E-04  9.189155088E-04  1.714490491E-03 
        69  1.712711877E-03  9.698758950E-04  9.840583017E-04  1.726534628E-03 
        70  1.682041329E-03  1.014356152E-03  9.976504064E-04  1.677227205E-03 
        71  1.655377797E-03  1.037523267E-03  1.015203291E-03  1.627495710E-03 
        72  1.643179450E-03  1.055694767E-03  1.069788893E-03  1.656614762E-03 
        73  1.843241625E-03  1.091639511E-03  1.092733970E-03  1.844917967E-03 
        74  1.810754882E-03  1.103860559E-03  1.092464257E-03  1.801490500E-03 
        75  1.792791300E-03  1.123680500E-03  1.133180284E-03  1.804534020E-03 
        76  1.776774530E-03  1.141237910E-03  1.122826701E-03  1.757989944E-03 
        77  1.769249793E-03  1.179504790E-03  1.176984304E-03  1.755862220E-03 
        78  1.774736214E-03  1.240148093E-03  1.240994224E-03  1.767888128E-03 
        79  1.768187387E-03  1.280541182E-03  1.298527496E-03  1.780120331E-03 
        80  1.728956122E-03  1.297639101E-03  1.307938579E-03  1.731419644E-03 
        81  1.687666168E-03  1.317586633E-03  1.325694933E-03  1.692892936E-03 
        82  1.662391704E-03  1.327703008E-03  1.343450136E-03  1.648054619E-03 
        83  2.043674933E-03  1.054540393E-03  1.060044540E-03  2.041719667E-03 
        84  2.091847593E-03  1.062952215E-03  1.056325348E-03  2.090236478E-03 
        85  2.122817328E-03  1.071338425E-03  1.103884896E-03  2.085936034E-03 
        86  2.126527485E-03  1.071498031E-03  1.111010489E-03  2.133448428E-03 
        87  1.810462913E-03  1.456849161E-03  1.458946259E-03  1.808596001E-03 
        88  1.769978553E-03  1.479764585E-03  1.466399391E-03  1.762134212E-03 
        89  1.750290394E-03  1.495882403E-03  1.517480735E-03  1.770494178E-03 
        90  1.724196714E-03  1.512881368E-03  1.524655038E-03  1.727520347E-03 
        91  1.900180243E-03  1.379028196E-03  1.377934128E-03  1.894362010E-03 
        92  1.919484115E-03  1.347817597E-03  1.335760989E-03  1.891637732E-03 
        93  1.928837504E-03  1.327638049E-03  1.345086805E-03  1.947925945E-03 
        94  1.931585954E-03  1.291024033E-03  1.293450380E-03  1.947334496E-03 
        95  1.947873970E-03  1.239354373E-03  1.238812449E-03  1.946950086E-03 
        96  1.967854798E-03  1.214058721E-03  1.191014851E-03  1.947483470E-03 
        97  2.001753775E-03  1.194479759E-03  1.195478105E-03  1.999457156E-03 
        98  2.034661360E-03  1.176189398E-03  1.147139459E-03  2.007718066E-03 
        99  2.036536578E-03  1.176395104E-03  1.156426623E-03  2.068874088E-03 
       100  2.059880877E-03  1.189076691E-03  1.204625515E-03  2.054019604E-03 
       101  2.103856066E-03  1.206925604E-03  1.208836716E-03  2.101796188E-03 
       102  1.914539374E-03  2.400145058E-05  2.101065743E-05  1.906211827E-03 
       103  1.668674638E-03  7.818681297E-06  2.100762831E-05  1.693537571E-03 
       104  1.627596212E-03  1.843262544E-05  2.709459480E-05  1.626272040E-03 
       105  1.588982297E-03  1.061394414E-05  2.940408889E-05  1.547688228E-03 
       106  1.759991050E-03  1.757628925E-04  1.573980741E-04  1.742838923E-03 
       107  1.759020495E-03  1.794223936E-04  1.829591379E-04  1.764599284E-03 
       108  1.642589225E-03  3.574551083E-04  3.552918418E-04  1.641641289E-03 
       109  1.629901235E-03  3.851178335E-04  3.989504723E-04  1.635943163E-03 
       110  1.626299461E-03  4.318128631E-04  4.409151578E-04  1.619891975E-03 
       111  1.659284346E-03  4.414705618E-04  4.365416312E-04  1.672054282E-03 
       112 -2.516344190E-03  2.873997437E-05  7.110491468E-05 -2.524064784E-03 
       113 -2.617938444E-03  2.560134453E-05  6.600393607E-05 -2.626677037E-03 
       114 -2.721007448E-03  3.011433546E-05  5.825507198E-05 -2.727486420E-03 
       115 -2.822745359E-03  3.378239853E-05  4.912679422E-05 -2.825656849E-03 
       116 -2.920826664E-03  3.484704939E-05  4.152960011E-05 -2.921255581E-03 
       117 -3.016665811E-03  2.616182610E-05  4.077177812E-05 -3.017093035E-03 
       118 -3.101757728E-03  8.529304068E-06  4.724476742E-05 -3.112842704E-03 
       119 -3.244634485E-03  3.116550261E-06  5.527762229E-05 -3.210920916E-03 
       120 -3.316484857E-03  8.951168638E-06  6.199954715E-05 -3.311930414E-03 
       121 -3.379333997E-03  5.834618605E-06  6.462525821E-05 -3.415662322E-03 
       122 -4.557187203E-03  2.367147317E-05  5.596906824E-05 -4.526306414E-03 
       123 -4.611653276E-03  2.367147317E-05  5.666467444E-05 -4.629023667E-03 
       124  1.389287878E-03  1.669839374E-03  1.634375832E-03  1.387002411E-03 
       125  1.158136409E-03  1.750157215E-03  1.748211226E-03  1.154960487E-03 
       126  1.152616227E-03  1.786026405E-03  1.809861486E-03  1.115217514E-03 
       127  1.201265724E-03  1.811034628E-03  1.838381267E-03  1.193961290E-03 
       128  1.238440746E-03  1.817598823E-03  1.783827280E-03  1.217834789E-03 
       129  1.278403332E-03  1.809323672E-03  1.805745326E-03  1.280817148E-03 
       130  1.322265016E-03  1.795828110E-03  1.813306485E-03  1.337936873E-03 
       131  1.038971939E-03  1.572976471E-03  1.592299109E-03  1.039326032E-03 
       132  1.041449606E-03  1.555737224E-03  1.540586173E-03  1.037773567E-03 
       133  1.397560001E-03  1.687480952E-03  1.686055091E-03  1.413624910E-03 
       134  1.555396477E-03  1.659041038E-03  1.679761024E-03  1.569925101E-03 
       135  1.519185142E-03  1.675330335E-03  1.679332608E-03  1.519103754E-03 
       136  1.483914908E-03  1.698599663E-03  1.703226066E-03  1.464389014E-03 
       137  1.487196656E-03  1.712390338E-03  1.731962175E-03  1.472705342E-03 
       138  1.519289333E-03  1.709384145E-03  1.713070001E-03  1.519707382E-03 
       139  1.569261425E-03  1.713411300E-03  1.712561603E-03  1.569663486E-03 
       140  1.595805050E-03  1.729652286E-03  1.724050047E-03  1.617561812E-03 
       141  1.660785289E-03  1.817498589E-03  1.831441411E-03  1.658316801E-03 
       142  1.702841022E-03  1.828646637E-03  1.823944263E-03  1.705748553E-03 
       143  1.734426129E-03  1.840576530E-03  1.867363057E-03  1.716756957E-03 
       144  1.777481055E-03  1.835637609E-03  1.838402497E-03  1.774485517E-03 
       145  1.814644784E-03  1.827658736E-03  1.863749889E-03  1.819154601E-03 
       146  1.852518064E-03  1.814609859E-03  1.808934494E-03  1.852611585E-03 
       147  1.890079351E-03  1.803086954E-03  1.829832501E-03  1.902673536E-03 
       148  1.887507271E-03  1.977348467E-03  1.976098990E-03  1.855330102E-03 
       149  1.897827140E-03  1.953171333E-03  1.927352253E-03  1.869444690E-03 
       150  1.927096280E-03  1.933712978E-03  1.936520658E-03  1.940056455E-03 
       151  1.962211216E-03  1.881814678E-03  1.882614932E-03  1.957694312E-03 
       152  1.957756700E-03  1.831731992E-03  1.832375609E-03  1.960561342E-03 
       153  9.934256086E-04  1.787050860E-03  1.820171026E-03  9.838060608E-04 
       154  1.016419963E-03  1.762615633E-03  1.761767092E-03  1.051098779E-03 
       155  1.023576711E-03  1.710838638E-03  1.720106000E-03  1.004093851E-03 
       156  1.026943559E-03  1.659046975E-03  1.661841842E-03  1.021549211E-03 
       157  1.006436301E-03  1.622973592E-03  1.611095789E-03  1.006839613E-03 
       158  9.874571115E-04  1.628958154E-03  1.628755309E-03  9.745902564E-04 
       159  9.885210311E-04  1.660610200E-03  1.660636439E-03  9.848928428E-04 
       160  9.858311387E-04  1.692121034E-03  1.699309515E-03  9.711757451E-04 
       161  9.843813023E-04  1.731135068E-03  1.720106000E-03  1.004093851E-03 
       162  9.796894155E-04  1.769866562E-03  1.770578184E-03  9.526611596E-04 
       163  2.150723711E-03  1.222810475E-03  1.215374343E-03  2.154219093E-03 
       164  2.200066112E-03  1.236464712E-03  1.236498067E-03  2.201522972E-03 
       165  2.240004484E-03  1.229879330E-03  1.250907847E-03  2.253055923E-03 
       166  2.267842880E-03  1.187544782E-03  1.189607481E-03  2.268902211E-03 
       167  2.282298636E-03  1.141460030E-03  1.136676393E-03  2.311419562E-03 
       168  2.273871098E-03  1.126387389E-03  1.100304839E-03  2.289594917E-03 
       169  2.254896099E-03  1.113532111E-03  1.125293769E-03  2.235924974E-03 
       170  5.098962574E-04  1.992539736E-03  1.972141317E-03  5.472809736E-04 
       171  4.814050044E-04  1.969164936E-03  1.974844604E-03  4.631898431E-04 
       172  4.361521278E-04  1.934411936E-03  1.926672699E-03  4.543770204E-04 
       173  4.074268800E-04  1.900358824E-03  1.912972231E-03  3.935666735E-04 
       174  3.872326342E-04  1.860017772E-03  1.859741076E-03  3.878779436E-04 
       175  3.545178042E-04  1.817982644E-03  1.815530276E-03  3.660791114E-04 
       176  3.280267993E-04  1.795469667E-03  1.778576375E-03  3.562106028E-04 
       177  2.934236254E-04  1.789270435E-03  1.775497366E-03  2.941201200E-04 
       178  2.424500417E-04  1.797324046E-03  1.779225650E-03  2.401065689E-04 
       179  2.081615530E-04  1.808521105E-03  1.780499494E-03  1.843295540E-04 
       180  1.691489160E-04  1.819089521E-03  1.827176184E-03  1.726120209E-04 
       181  1.235895033E-04  1.833357965E-03  1.817677128E-03  1.132435071E-04 
       182  9.028922796E-05  1.848881249E-03  1.869255230E-03  1.027193741E-04 
       183  3.451077282E-05  1.868203399E-03  1.856895194E-03  3.873604122E-05 
       184 -5.658345799E-06  1.878373208E-03  1.837239083E-03 -2.807587275E-05 
       185 -4.928641283E-05  1.890778774E-03  1.901941876E-03 -5.184226983E-05 
       186 -1.410129335E-04  1.907164580E-03  1.883818147E-03 -1.349995385E-04 
       187 -2.022846020E-04  1.911704196E-03  1.860738437E-03 -2.355958718E-04 
       188 -2.583477180E-04  1.921661315E-03  1.952891398E-03 -2.536683967E-04 
       189 -3.553102724E-04  1.932794577E-03  1.944888835E-03 -3.576104262E-04 
       190 -4.616253136E-04  1.934465370E-03  1.937868019E-03 -4.625970964E-04 
       191 -5.672491388E-04  1.933612861E-03  1.933420872E-03 -5.677151537E-04 
       192 -6.717549404E-04  1.931827865E-03  1.931035804E-03 -6.720340127E-04 
       193 -7.758673164E-04  1.931022387E-03  1.929621388E-03 -7.762373276E-04 
       194 -8.802227676E-04  1.931329374E-03  1.929185365E-03 -8.805429480E-04 
       195 -9.850637289E-04  1.931264764E-03  1.931300447E-03 -9.845805923E-04 
       196 -1.090976992E-03  1.928866724E-03  1.936006340E-03 -1.087852054E-03 
       197 -1.197973615E-03  1.919162460E-03  1.943793790E-03 -1.188405186E-03 
       198 -1.269012457E-03  1.906035817E-03  1.951891793E-03 -1.285628838E-03 
       199 -1.319025061E-03  1.899015158E-03  1.852236959E-03 -1.322700402E-03 
       200 -1.393880346E-03  1.897304435E-03  1.874523444E-03 -1.398003815E-03 
       201 -1.476972713E-03  1.899750438E-03  1.874830866E-03 -1.474881274E-03 
       202 -1.537337666E-03  1.902884920E-03  1.850798777E-03 -1.553051966E-03 
       203 -1.586447353E-03  1.911586965E-03  1.951318214E-03 -1.572415930E-03 
