cellnumber     x-coordinate     y-coordinate     y-coordinate     x-coordinate 
         1 -7.006949279E-03  1.982195070E-03  1.945684832E-03 -7.039325207E-03 
         2 -6.941054948E-03  1.959131565E-03  1.949177057E-03 -6.940937222E-03 
         3 -6.843915209E-03  1.957806060E-03  1.951895744E-03 -6.844616968E-03 
         4 -6.747119129E-03  1.961844740E-03  1.949864175E-03 -6.748831175E-03 
         5 -6.646805443E-03  1.952809980E-03  1.945437433E-03 -6.647916601E-03 
         6 -6.551482249E-03  1.920302282E-03  1.943884588E-03 -6.546492771E-03 
         7 -6.500982214E-03  1.889989479E-03  1.940514493E-03 -6.446167279E-03 
         8 -6.451158784E-03  1.859980286E-03  1.827335805E-03 -6.464313164E-03 
         9 -6.367804017E-03  1.804117928E-03  1.826551976E-03 -6.357563261E-03 
        10 -6.320760120E-03  1.766435569E-03  1.713288207E-03 -6.369924784E-03 
        11 -6.264411844E-03  1.727459952E-03  1.713678914E-03 -6.266302406E-03 
        12 -6.197309121E-03  1.677576802E-03  1.718291627E-03 -6.156059016E-03 
        13 -6.142958067E-03  1.606414211E-03  1.597801495E-03 -6.161534385E-03 
        14 -6.094592158E-03  1.535082818E-03  1.597447164E-03 -6.020009927E-03 
        15 -6.038991269E-03  1.433698111E-03  1.435472563E-03 -6.053593135E-03 
        16 -5.991411861E-03  1.342578442E-03  1.411355733E-03 -5.903334993E-03 
        17 -5.956767593E-03  1.262975158E-03  1.259757205E-03 -5.925374887E-03 
        18 -7.100721356E-03  4.298886779E-06  6.824591689E-05 -7.153025150E-03 
        19 -7.046829443E-03  2.606528506E-05  7.130261585E-05 -7.048670775E-03 
        20 -6.944454275E-03  5.463036359E-05  7.181474448E-05 -6.944535300E-03 
        21 -6.840650458E-03  9.973705164E-05  6.939597676E-05 -6.840962208E-03 
        22 -6.785518490E-03  1.354232518E-04  2.053739688E-04 -6.827119103E-03 
        23 -6.722554564E-03  1.757706777E-04  1.927253859E-04 -6.720909748E-03 
        24 -6.648581941E-03  2.259278699E-04  1.700505549E-04 -6.625372521E-03 
        25 -6.567661650E-03  2.804832475E-04  2.861109285E-04 -6.571780882E-03 
        26 -6.470088381E-03  3.514347482E-04  4.201689543E-04 -6.505897037E-03 
        27 -6.396720186E-03  4.110843875E-04  3.731976031E-04 -6.379461687E-03 
        28 -6.294476800E-03  4.902959918E-04  5.007820042E-04 -6.296277156E-03 
        29 -6.162433885E-03  5.983649753E-04  5.771312931E-04 -6.149110830E-03 
        30 -6.075283047E-03  6.768185995E-04  7.464105249E-04 -6.178823204E-03 
        31 -6.009785924E-03  7.666994352E-04  7.555187803E-04 -5.971144432E-03 
        32 -5.933682900E-03  9.224421228E-04  9.271788737E-04 -5.957923617E-03 
        33 -5.917159840E-03  1.097599976E-03  1.096417095E-03 -5.939614899E-03 
