cellnumber     x-coordinate     y-coordinate     y-coordinate     x-coordinate 
         1 -4.728258122E-03  1.852262882E-03  1.837029221E-03 -4.729127308E-03 
         2 -4.631507210E-03  1.832336886E-03  1.821740042E-03 -4.632239029E-03 
         3 -4.531690385E-03  1.814825577E-03  1.807912195E-03 -4.531995633E-03 
         4 -4.429179244E-03  1.798319165E-03  1.797647946E-03 -4.429016043E-03 
         5 -4.324314184E-03  1.769005088E-03  1.792723670E-03 -4.323207242E-03 
         6 -4.256884102E-03  1.736083301E-03  1.794125837E-03 -4.216180712E-03 
         7 -4.202445038E-03  1.707717194E-03  1.658292612E-03 -4.217215576E-03 
         8 -4.106671549E-03  1.655680011E-03  1.663210260E-03 -4.107288071E-03 
         9 -4.040499218E-03  1.609594794E-03  1.667676903E-03 -3.999457579E-03 
        10 -3.982924856E-03  1.565971877E-03  1.535565147E-03 -3.990488873E-03 
        11 -3.903842298E-03  1.500810264E-03  1.536702141E-03 -3.881057980E-03 
        12 -3.844592953E-03  1.442872919E-03  1.403465985E-03 -3.872165434E-03 
        13 -3.775165416E-03  1.368652214E-03  1.395437991E-03 -3.756614429E-03 
        14 -3.714106977E-03  1.276364434E-03  1.250880105E-03 -3.756024730E-03 
        15 -3.674362786E-03  1.189629082E-03  1.225897110E-03 -3.629252174E-03 
        16 -3.653036896E-03  1.039031195E-03  1.056862640E-03 -3.663800687E-03 
        17 -3.657586640E-03  9.221904911E-04  9.416166912E-04 -3.773247365E-03 
        18 -3.741767257E-03  7.977736532E-04  7.721813382E-04 -3.729120565E-03 
        19 -3.834848059E-03  6.698068464E-04  7.473452839E-04 -3.918867149E-03 
        20 -3.931258805E-03  5.987029290E-04  5.633034030E-04 -3.909132129E-03 
        21 -4.045777023E-03  5.197182763E-04  5.845505361E-04 -4.086081012E-03 
        22 -4.118894227E-03  4.723962920E-04  4.381679116E-04 -4.093871364E-03 
        23 -4.219939467E-03  4.157075309E-04  4.376522754E-04 -4.221860375E-03 
        24 -4.311888944E-03  3.735261562E-04  4.257619191E-04 -4.341999628E-03 
        25 -4.365616478E-03  3.470223746E-04  2.998572884E-04 -4.329756886E-03 
        26 -4.441791680E-03  3.254566982E-04  2.808978991E-04 -4.434007076E-03 
        27 -4.497662652E-03  3.180908679E-04  2.521377413E-04 -4.528570380E-03 
        28 -4.550403915E-03  3.060144663E-04  3.463146793E-04 -4.574368077E-03 
        29 -4.635398742E-03  2.729924454E-04  2.551208485E-04 -4.622732314E-03 
        30 -4.694913048E-03  2.416034986E-04  2.909377611E-04 -4.723329979E-03 
        31 -4.752507899E-03  2.128759952E-04  1.772254117E-04 -4.732403490E-03 
        32 -4.838009831E-03  1.799114252E-04  1.899614240E-04 -4.839295510E-03 
        33 -4.943430424E-03  1.487921982E-04  1.975887156E-04 -4.949121145E-03 
        34 -4.996565636E-03  1.313789107E-04  6.643712700E-05 -4.937359311E-03 
        35 -5.047921557E-03  1.079986978E-04  6.693967668E-05 -5.041680553E-03 
        36 -5.149278790E-03  8.003800758E-05  6.473279037E-05 -5.145436630E-03 
        37 -5.252890289E-03  7.399210881E-05  5.901185833E-05 -5.247603241E-03 
        38 -6.106515881E-03  1.989223994E-03  1.944167968E-03 -6.138718099E-03 
        39 -6.033677142E-03  1.972241094E-03  1.948080179E-03 -6.036384771E-03 
        40 -5.935924593E-03  1.963302260E-03  1.952643376E-03 -5.937578608E-03 
        41 -5.838696845E-03  1.960629830E-03  1.950483939E-03 -5.840505752E-03 
        42 -5.738672800E-03  1.959993038E-03  1.944291145E-03 -5.741907226E-03 
        43 -5.636642221E-03  1.957645873E-03  1.936661234E-03 -5.640823781E-03 
        44 -5.533467978E-03  1.952194027E-03  1.932288155E-03 -5.536746068E-03 
        45 -5.429880228E-03  1.945775584E-03  1.930799866E-03 -5.431590773E-03 
        46 -5.325300619E-03  1.941608149E-03  1.931409215E-03 -5.326042501E-03 
        47 -5.220799241E-03  1.938075642E-03  1.934327000E-03 -5.221331158E-03 
        48 -5.117208697E-03  1.932316576E-03  1.938990709E-03 -5.118253907E-03 
        49 -5.015953444E-03  1.917411108E-03  1.944484711E-03 -5.017463170E-03 
        50 -4.954417236E-03  1.900270116E-03  1.948290908E-03 -4.918495029E-03 
        51 -4.907262977E-03  1.888048137E-03  1.850246914E-03 -4.917136210E-03 
        52 -4.823944066E-03  1.872229041E-03  1.848904220E-03 -4.824341183E-03 
        53 -6.392314099E-03  7.988888342E-07  4.874166777E-05 -6.448031453E-03 
        54 -6.341485307E-03  3.321017175E-06  5.285901885E-05 -6.349655635E-03 
        55 -6.281718146E-03  2.522128398E-06  5.797063282E-05 -6.249329998E-03 
        56 -5.789821967E-03  2.077948238E-06  6.710090730E-05 -5.834726738E-03 
        57 -5.733613390E-03  2.783036325E-05  6.005380669E-05 -5.732217633E-03 
        58 -5.631904118E-03  5.840477024E-05  5.134376603E-05 -5.633311034E-03 
        59 -5.539316218E-03  7.522321539E-05  4.459777306E-05 -5.537449764E-03 
        60 -5.450061057E-03  8.449677989E-05  4.492314267E-05 -5.441885650E-03 
        61 -5.354649853E-03  7.883900253E-05  5.082560188E-05 -5.345947182E-03 
