nodenumber     x-coordinate     y-coordinate 
         1 -7.439320672E-03  0.000000000E+00 
         2 -7.432473402E-03  1.006364216E-04 
         3 -7.435143035E-03  1.827107422E-04 
         4 -7.427509449E-03  2.747962462E-04 
         5 -7.411753386E-03  3.634553867E-04 
         6 -7.394275256E-03  4.701129850E-04 
         7 -7.392058058E-03  5.798739679E-04 
         8 -7.394572434E-03  6.874078377E-04 
         9 -7.399950329E-03  7.930369555E-04 
        10 -7.405976830E-03  8.958375211E-04 
        11 -7.416445235E-03  9.975276283E-04 
        12 -7.419116262E-03  1.085353431E-03 
        13 -7.417179910E-03  1.180256549E-03 
        14 -7.410738720E-03  1.275857277E-03 
        15 -7.405182548E-03  1.376837192E-03 
        16 -7.403703741E-03  1.478488796E-03 
        17 -7.405106665E-03  1.584138249E-03 
        18 -7.408326313E-03  1.688372612E-03 
        19 -7.410930129E-03  1.791388591E-03 
        20 -7.414266643E-03  1.895357841E-03 
        21 -7.438866515E-03  2.000000089E-03 
