cellnumber     x-coordinate     y-coordinate     y-coordinate     x-coordinate 
         1 -4.162093159E-03  1.993799582E-03  1.931636683E-03 -4.211520295E-03 
         2 -4.107956309E-03  1.968719298E-03  1.933075753E-03 -4.109019672E-03 
         3 -4.039539490E-03  1.974919811E-03  1.934369578E-03 -4.006508197E-03 
         4 -3.061158350E-03  1.991676632E-03  1.941788315E-03 -3.105180951E-03 
         5 -2.997224219E-03  1.981906127E-03  1.939727861E-03 -3.005310109E-03 
         6 -2.900791820E-03  1.990229590E-03  1.935561470E-03 -2.904892689E-03 
         7  7.080818177E-04  1.709979870E-06  2.376551705E-05  7.244123886E-04 
         8  6.673967582E-04  8.649395568E-06  2.274665324E-05  6.657491188E-04 
         9  6.038057618E-04  1.245935255E-05  2.138182500E-05  6.018984717E-04 
        10  1.815746306E-03  2.296540624E-04  2.266481103E-04  1.821234054E-03 
        11  1.837258460E-03  2.501634881E-04  2.643540103E-04  1.814250299E-03 
        12  1.850979286E-03  2.516674867E-04  2.686372979E-04  1.857296296E-03 
        13  1.875255024E-03  2.282857167E-04  2.249752392E-04  1.868745874E-03 
        14  1.895793364E-03  2.028946910E-04  2.222971841E-04  1.908134756E-03 
        15  1.900066738E-03  1.926030818E-04  1.791314573E-04  1.927048608E-03 
        16  1.748182229E-03  3.588699037E-04  3.637452039E-04  1.739624176E-03 
        17  1.792146359E-03  3.732290352E-04  3.588932654E-04  1.791440332E-03 
        18  1.829391345E-03  3.782925778E-04  3.604014303E-04  1.844721248E-03 
        19  1.853842754E-03  3.936639987E-04  4.077900278E-04  1.844233139E-03 
        20  1.882106415E-03  3.928318329E-04  4.024554091E-04  1.894545513E-03 
        21  1.901069423E-03  3.740804386E-04  3.592208367E-04  1.886748682E-03 
        22  1.921182615E-03  3.556525626E-04  3.541963571E-04  1.920648751E-03 
        23  1.958312467E-03  8.157272532E-05  8.091219465E-05  1.957743481E-03 
        24  2.018008847E-03  8.836475899E-05  9.041714092E-05  2.019015436E-03 
        25  2.087861300E-03  9.570075053E-05  9.321694742E-05  2.087244387E-03 
        26  2.153472276E-03  7.559464575E-05  8.927237462E-05  2.158173226E-03 
        27  2.190675121E-03  4.052427175E-05  2.897047908E-05  2.166466837E-03 
        28  2.208224265E-03  1.132772013E-05  3.033947023E-05  2.234936416E-03 
        29  2.175447531E-03  3.737769730E-04  3.638377693E-04  2.182290079E-03 
        30  2.185160527E-03  3.894316615E-04  3.762111544E-04  2.194016332E-03 
        31  2.352330135E-03  5.073858774E-04  4.938707706E-04  2.384454192E-03 
        32  2.357069170E-03  5.382755189E-04  5.404856117E-04  2.375240042E-03 
        33 -1.006767154E-03  7.855543663E-05  6.636507486E-05 -1.005326591E-03 
        34 -9.017470875E-04  7.645667938E-05  6.680606303E-05 -9.013910211E-04 
        35 -7.969628205E-04  7.473355799E-05  6.575810028E-05 -7.972552363E-04 
        36 -6.927811191E-04  7.231879135E-05  6.355081433E-05 -6.935649223E-04 
        37 -5.891917972E-04  7.047495455E-05  6.038485763E-05 -5.907983585E-04 
        38 -4.849778488E-04  7.114095934E-05  5.539476994E-05 -4.882335345E-04 
        39 -3.825491876E-04  7.964447286E-05  4.835427240E-05 -3.882786737E-04 
        40 -3.292587353E-04  8.829519356E-05  4.217445575E-05 -2.899144977E-04 
        41 -2.786042460E-04  9.465752373E-05  1.281231806E-04 -2.752816664E-04 
        42 -1.820015750E-04  1.147085131E-04  1.108253011E-04 -1.840752402E-04 
        43 -1.288062340E-04  1.317155693E-04  9.693807319E-05 -1.022720959E-04 
        44 -9.089971718E-05  1.421319757E-04  1.562393313E-04 -8.961924719E-05 
        45 -4.038048064E-05  1.606146398E-04  1.429506679E-04 -2.640014050E-05 
        46 -7.514898243E-06  1.769146038E-04  1.926155920E-04 -1.566857720E-05 
        47  4.145181447E-05  1.940196817E-04  1.880186171E-04  3.887628747E-05 
        48  7.654431101E-05  2.059339022E-04  2.417783347E-04  4.495860527E-05 
        49  8.192985842E-05  2.072685165E-04  2.489255570E-04  9.405898740E-05 
        50  1.031581705E-04  2.860906534E-05  2.794200578E-05  1.007808420E-04 
        51  2.417304640E-04  1.801860053E-04  1.930118503E-04  2.622026838E-04 
        52  2.665659995E-04  1.401086192E-04  1.408289672E-04  2.717250439E-04 
        53  2.879438980E-04  1.001618002E-04  8.822211316E-05  2.654353734E-04 
        54  3.092639381E-04  7.197736704E-05  8.110587978E-05  3.211743461E-04 
        55  3.364858858E-04  4.418982644E-05  2.775908311E-05  3.200411847E-04 
        56  3.777443198E-04  2.168715582E-05  2.357188179E-05  3.768744278E-04 
        57  4.326830676E-04  5.225689165E-06  1.961275604E-05  4.300925550E-04 
        58  2.023689158E-04  2.884399328E-05  2.931386421E-05  2.067113238E-04 
        59  4.980994854E-04  3.271887579E-07  1.937761130E-05  4.826194126E-04 
        60  5.443079863E-04  5.847125976E-06  1.926840855E-05  5.412139952E-04 
        61 -2.278282540E-03  9.625962775E-06  7.311501499E-05 -2.316820890E-03 
        62 -2.210571431E-03  3.724918133E-05  7.043852328E-05 -2.213196658E-03 
        63 -2.109977650E-03  5.848854198E-05  6.674919455E-05 -2.110809722E-03 
        64 -2.008721465E-03  6.509609375E-05  6.249115734E-05 -2.009269490E-03 
        65 -1.909625484E-03  7.316499978E-05  5.855735120E-05 -1.909155614E-03 
        66 -1.811683062E-03  8.488150343E-05  5.673498202E-05 -1.809930395E-03 
        67 -1.713012927E-03  9.584753570E-05  5.515330775E-05 -1.709579807E-03 
        68 -1.613378525E-03  1.020814889E-04  5.457516422E-05 -1.609092055E-03 
        69 -1.515693031E-03  1.064731841E-04  5.383556151E-05 -1.509067679E-03 
        70 -1.467630849E-03  1.085986878E-04  1.628884477E-04 -1.521335975E-03 
        71 -1.465287991E-03  1.086600896E-04  1.617335276E-04 -1.426165312E-03 
        72 -1.416548737E-03  1.094981999E-04  5.490773208E-05 -1.410009075E-03 
        73 -1.318415860E-03  1.050805149E-04  5.715688499E-05 -1.310405891E-03 
        74 -1.215599477E-03  9.315641364E-05  6.005970237E-05 -1.209844188E-03 
        75 -1.111639896E-03  8.320245252E-05  6.361088174E-05 -1.108407631E-03 
        76 -2.474323846E-03  1.978162676E-03  1.934575948E-03 -2.495273050E-03 
        77 -2.391088754E-03  1.951471786E-03  1.936099255E-03 -2.392953671E-03 
        78 -2.288925927E-03  1.945596538E-03  1.936053435E-03 -2.289587949E-03 
        79 -2.185341902E-03  1.943843672E-03  1.934468811E-03 -2.185353151E-03 
        80 -2.081585117E-03  1.942128176E-03  1.932282097E-03 -2.081243068E-03 
        81 -1.977958484E-03  1.940074842E-03  1.931099759E-03 -1.977459928E-03 
        82 -1.874547685E-03  1.937688445E-03  1.931720263E-03 -1.874312453E-03 
        83 -1.770702540E-03  1.934975851E-03  1.935050064E-03 -1.771475459E-03 
        84 -1.667610253E-03  1.929413411E-03  1.942464568E-03 -1.670585838E-03 
        85  2.100733109E-03  1.217962475E-03  1.208836716E-03  2.101796188E-03 
        86  2.059749328E-03  1.223463099E-03  1.204625515E-03  2.054019604E-03 
        87  2.026132075E-03  1.242915750E-03  1.249420116E-03  2.035379048E-03 
        88  2.002787311E-03  1.262204256E-03  1.242138010E-03  1.990493966E-03 
        89  1.981933136E-03  1.279318472E-03  1.295998047E-03  1.986192029E-03 
        90  1.953187399E-03  1.305678976E-03  1.293450380E-03  1.947334496E-03 
        91  1.931365114E-03  1.326521160E-03  1.345086805E-03  1.947925945E-03 
        92  1.912108157E-03  1.346567529E-03  1.335760989E-03  1.891637732E-03 
        93  1.884766272E-03  1.373066683E-03  1.377934128E-03  1.894362010E-03 
        94  1.852144487E-03  1.403756207E-03  1.393045398E-03  1.847366747E-03 
        95  1.824870007E-03  1.429256168E-03  1.408633721E-03  1.805100119E-03 
        96  1.799917198E-03  1.451562392E-03  1.458946259E-03  1.808596001E-03 
        97  1.769703231E-03  1.477980870E-03  1.466399391E-03  1.762134212E-03 
        98  1.750129974E-03  1.495767618E-03  1.517480735E-03  1.770494178E-03 
        99  1.725495327E-03  1.516071614E-03  1.524655038E-03  1.727520347E-03 
       100  2.035984537E-03  1.271749963E-03  1.249420116E-03  2.035379048E-03 
       101  2.017159248E-03  1.300052274E-03  1.299073048E-03  2.020257754E-03 
       102  2.011340111E-03  1.354163513E-03  1.357473860E-03  2.022891454E-03 
       103  2.015419072E-03  1.388686127E-03  1.357796561E-03  1.991993022E-03 
       104  2.016923623E-03  1.397801796E-03  1.403061180E-03  1.993452252E-03 
       105  2.016385784E-03  1.428459422E-03  1.444602383E-03  2.025979133E-03 
       106  1.857883297E-03  1.616831287E-03  1.615014651E-03  1.856528149E-03 
       107  1.805690816E-03  1.645168057E-03  1.641236910E-03  1.805098654E-03 
       108  1.787489862E-03  1.684374642E-03  1.694727610E-03  1.821775591E-03 
       109  1.769074472E-03  1.708565862E-03  1.719651303E-03  1.773429624E-03 
       110  1.792145078E-03  2.203460317E-04  2.086810152E-04  1.786066672E-03 
       111  1.408363809E-03  2.125057945E-04  2.200892427E-04  1.390224425E-03 
       112  1.419937238E-03  2.108213666E-04  2.219664265E-04  1.435084527E-03 
       113  1.416794839E-03  2.025035501E-04  1.783614129E-04  1.413342180E-03 
       114 -2.762946300E-03  2.164465940E-09  5.825507198E-05 -2.727486420E-03 
       115 -2.816305729E-03  1.128792883E-05  4.912679422E-05 -2.825656849E-03 
       116 -2.919108607E-03  2.759210292E-05  4.152960011E-05 -2.921255581E-03 
       117 -3.015962895E-03  3.539582758E-05  4.077177812E-05 -3.017093035E-03 
       118 -3.112185979E-03  4.035725215E-05  4.724476742E-05 -3.112842704E-03 
       119 -3.205903107E-03  2.126776417E-05  5.527762229E-05 -3.210920916E-03 
       120 -4.455273040E-03  2.211849460E-05  5.780932662E-05 -4.424947168E-03 
       121 -4.505125806E-03  2.211849460E-05  5.596906824E-05 -4.526306414E-03 
       122  1.418902189E-03  1.718985266E-03  1.734941224E-03  1.424706626E-03 
       123  1.417238498E-03  1.711318037E-03  1.686055091E-03  1.413624910E-03 
       124  1.620092313E-03  1.724176691E-03  1.724050047E-03  1.617561812E-03 
       125  1.631455030E-03  1.685005031E-03  1.685627301E-03  1.617964135E-03 
       126  1.644805423E-03  1.766822767E-03  1.782199968E-03  1.660432579E-03 
       127  1.674478292E-03  1.747322502E-03  1.727118653E-03  1.667279858E-03 
       128  1.715493272E-03  1.733995858E-03  1.730930592E-03  1.714327700E-03 
       129  1.744328183E-03  1.733056852E-03  1.745547993E-03  1.743784054E-03 
       130  1.898460090E-03  1.607707585E-03  1.604245507E-03  1.900694087E-03 
       131  2.285926836E-03  1.808965462E-03  1.811524261E-03  2.267541019E-03 
       132  2.292641904E-03  1.816349337E-03  1.829445302E-03  2.281740216E-03 
       133  2.303845715E-03  1.826742548E-03  1.819129066E-03  2.323892695E-03 
       134  2.309494652E-03  1.860825112E-03  1.864089860E-03  2.315357995E-03 
       135  2.281824360E-03  1.890106709E-03  1.902874782E-03  2.287559326E-03 
       136  2.249071142E-03  1.889658277E-03  1.862002734E-03  2.245510248E-03 
       137  2.231562277E-03  1.901339507E-03  1.906242579E-03  2.234030640E-03 
       138  2.474082634E-03  1.475477358E-03  1.480862986E-03  2.473401436E-03 
       139  2.496159170E-03  1.659973641E-03  1.630363279E-03  2.482504080E-03 
       140  2.478060545E-03  1.665839576E-03  1.679062906E-03  2.481335120E-03 
       141  2.450478496E-03  1.666894066E-03  1.661777543E-03  2.450342357E-03 
       142  2.477893606E-03  1.416271436E-03  1.430629914E-03  2.478038126E-03 
       143  2.224584110E-03  1.933577470E-03  1.946676450E-03  2.214724454E-03 
       144  2.243198222E-03  1.945261844E-03  1.931992025E-03  2.252077452E-03 
       145  2.257610438E-03  1.975531224E-03  1.976347358E-03  2.250814214E-03 
       146  2.176970011E-03  1.244864543E-03  1.236498067E-03  2.201522972E-03 
       147  2.149459440E-03  1.227202360E-03  1.215374343E-03  2.154219093E-03 
       148  2.468331717E-03  9.076221031E-04  9.186405087E-04  2.467038520E-03 
       149  2.417064970E-03  8.864963311E-04  9.061622691E-04  2.410611837E-03 
       150  2.390588867E-03  8.554048254E-04  8.240767934E-04  2.410638427E-03 
       151  2.370027360E-03  8.215206326E-04  8.306269191E-04  2.354383349E-03 
       152  2.336111851E-03  7.845632499E-04  7.771843157E-04  2.343344654E-03 
       153  2.296683379E-03  7.529591676E-04  7.731424081E-04  2.290297420E-03 
       154  2.165188547E-03  1.579916221E-03  1.578827015E-03  2.164550487E-03 
       155  2.203983255E-03  1.553645707E-03  1.560635545E-03  2.212241754E-03 
       156  2.219458111E-03  1.539551653E-03  1.537186174E-03  2.246447085E-03 
       157  2.197625116E-03  1.542161684E-03  1.526256395E-03  2.194044070E-03 
       158  2.151470864E-03  1.553316484E-03  1.537415746E-03  2.140568130E-03 
       159  2.106644912E-03  1.570767490E-03  1.555563887E-03  2.105372782E-03 
       160  2.114243340E-03  1.586375060E-03  1.594385786E-03  2.113121066E-03 
       161  4.573511251E-04  1.974855550E-03  1.974844604E-03  4.631898431E-04 
       162  4.204006109E-04  1.941282768E-03  1.926672699E-03  4.543770204E-04 
       163  3.997710883E-04  1.908779959E-03  1.912972231E-03  3.935666735E-04 
       164  3.758169769E-04  1.867660903E-03  1.859741076E-03  3.878779436E-04 
       165  1.839754259E-04  1.836987562E-03  1.827176184E-03  1.726120209E-04 
       166  1.453618752E-04  1.858946285E-03  1.877753079E-03  1.572261929E-04 
       167  1.044091550E-04  1.881275093E-03  1.869255230E-03  1.027193741E-04 
       168  6.982206105E-05  1.895848894E-03  1.922587147E-03  9.292035272E-05 
       169  2.458450763E-05  1.910972991E-03  1.913217268E-03  2.418366512E-05 
       170 -4.615468788E-05  1.927993260E-03  1.901941876E-03 -5.184226983E-05 
       171 -8.973158401E-05  1.937504159E-03  1.967698909E-03 -6.296029824E-05 
       172 -1.507527340E-04  1.948467689E-03  1.961727822E-03 -1.543619787E-04 
       173 -2.522280847E-04  1.954953186E-03  1.952891398E-03 -2.536683967E-04 
       174 -3.571534471E-04  1.955698710E-03  1.944888835E-03 -3.576104262E-04 
       175 -4.615874786E-04  1.959820511E-03  1.937868019E-03 -4.625970964E-04 
       176 -5.652498803E-04  1.965297852E-03  1.933420872E-03 -5.677151537E-04 
       177 -6.683595129E-04  1.963972114E-03  1.931035804E-03 -6.720340127E-04 
       178 -7.718792767E-04  1.958437497E-03  1.929621388E-03 -7.762373276E-04 
       179 -8.761629579E-04  1.952810911E-03  1.929185365E-03 -8.805429480E-04 
       180 -9.812158532E-04  1.947217272E-03  1.931300447E-03 -9.845805923E-04 
       181 -1.086900011E-03  1.942433999E-03  1.936006340E-03 -1.087852054E-03 
       182 -1.192971133E-03  1.934024272E-03  1.943793790E-03 -1.188405186E-03 
       183 -1.284737606E-03  1.916928915E-03  1.951891793E-03 -1.285628838E-03 
       184 -1.336231711E-03  1.905029290E-03  1.852236959E-03 -1.322700402E-03 
       185 -1.392470323E-03  1.903276076E-03  1.874523444E-03 -1.398003815E-03 
       186 -1.477347803E-03  1.904295757E-03  1.874830866E-03 -1.474881274E-03 
       187 -1.528750989E-03  1.906376565E-03  1.850798777E-03 -1.553051966E-03 
       188 -1.577739604E-03  1.915913424E-03  1.951318214E-03 -1.572415930E-03 
